return {Name="CaliforniaGirlsEmote",Time=9.66666666666,Animations={{Time=0,CFrames={{Name=Torso,CFrame=CFrame.new(0, -0.27169466, 0, 0.993873656, 0.0687239394, -0.0865577087, -0.0684264675, 0.997635603, 0.00640248088, 0.0867930576, -0.000440417789, 0.996226251)},{Name=Left Leg,CFrame=CFrame.new(-0.837804377, -1.85401869, -0.196124837, 0.921680152, 0.2096266, 0.326439142, -0.294151485, 0.926232696, 0.235727042, -0.252944052, -0.313287497, 0.915352464)},{Name=Right Arm,CFrame=CFrame.new(1.8558743, 1.05876005, 0.32643187, -0.294802129, -0.955506206, 0.00996213593, 0.886342108, -0.2773287, -0.370790869, 0.357055992, -0.100480042, 0.928662598)},{Name=Head,CFrame=CFrame.new(-0.043338377, 1.49808002, -0.00620077923, 0.991776824, -0.0866767541, 0.0941595212, 0.0851043984, 0.996159077, 0.0205957554, -0.0955830514, -0.0124130026, 0.995344102)},{Name=Right Leg,CFrame=CFrame.new(0.974267244, -1.7804358, -0.25953722, 0.885651469, -0.392817229, -0.247620896, 0.430638433, 0.894301653, 0.121549644, 0.173700958, -0.214285672, 0.961202085)},{Name=Left Arm,CFrame=CFrame.new(-1.30687749, 0.221713573, -0.998863101, 0.255116552, -0.124152519, -0.958906591, -0.880613029, 0.379706621, -0.283448398, 0.399294108, 0.916738033, -0.0124608818)}},{Time=0.06666667014360428,CFrames={{Name=Torso,CFrame=CFrame.new(0, -0.0985913277, 0, 0.993407726, 0.0337054729, -0.109567329, -0.0334856883, 0.999431789, 0.0038458542, 0.109634705, -0.000151563698, 0.993971944)},{Name=Left Leg,CFrame=CFrame.new(-0.872020125, -1.99532008, -0.160137534, 0.900332391, 0.274872661, 0.33741194, -0.358425111, 0.908073664, 0.216640115, -0.246846497, -0.315984994, 0.916089714)},{Name=Right Arm,CFrame=CFrame.new(1.9230963, 0.949789643, 0.268803149, -0.151367798, -0.987455189, 0.0449424051, 0.930833578, -0.157692492, -0.32966888, 0.332620472, -0.00806734804, 0.943026304)},{Name=Right Leg,CFrame=CFrame.new(0.908362031, -1.97706854, -0.251812786, 0.904285371, -0.348847002, -0.246116966, 0.382215858, 0.918351829, 0.102666095, 0.190207213, -0.186909214, 0.963787317)},{Name=Left Arm,CFrame=CFrame.new(-1.29116011, 0.176262856, -1.01575053, 0.18923004, -0.0897027701, -0.977827013, -0.865368545, 0.455363095, -0.209240511, 0.464035809, 0.885775089, 0.00854241848)}},{Time=0.13333334028720856,CFrames={{Name=Torso,CFrame=CFrame.new(0, -0.0163230896, 0, 0.989902079, -0.0423373319, -0.13528271, 0.042122297, 0.999102473, -0.00445280271, 0.135349825, -0.00129057898, 0.990797043)},{Name=Left Leg,CFrame=CFrame.new(-0.970935822, -2.01523066, -0.125086755, 0.850490451, 0.386209458, 0.357082725, -0.467547804, 0.866096079, 0.176850468, -0.240966722, -0.317362785, 0.917178214)},{Name=Right Arm,CFrame=CFrame.new(1.97110009, 0.795603216, 0.247232407, -0.0285538379, -0.999518633, 0.012114292, 0.953766942, -0.0308702029, -0.298956871, 0.299187094, 0.0030178267, 0.954189777)},{Name=Head,CFrame=CFrame.new(0.0572002791, 1.49666667, -0.00708854711, 0.982236803, 0.114402466, 0.14873752, -0.115238644, 0.99333322, -0.00301292096, -0.148090601, -0.0141809089, 0.988872111)},{Name=Right Leg,CFrame=CFrame.new(0.771742284, -2.08922815, -0.232161447, 0.93845582, -0.248437449, -0.239956945, 0.280101568, 0.953891873, 0.107854493, 0.202097997, -0.168429017, 0.964773536)},{Name=Left Arm,CFrame=CFrame.new(-1.30415988, 0.214959726, -1.00165796, 0.215735137, -0.0902054906, -0.972276449, -0.886575878, 0.399176687, -0.233753979, 0.409196198, 0.912425816, 0.00614240533)}},{Time=0.20000000298023224,CFrames={{Name=Torso,CFrame=CFrame.new(0, 0.0100491047, 0, 0.989526153, -0.0802169591, -0.120013475, 0.0798676163, 0.996775508, -0.00772592146, 0.120246239, -0.00194018788, 0.992742181)},{Name=Left Leg,CFrame=CFrame.new(-1.00002086, -2.02484608, -0.117926314, 0.828337014, 0.438405037, 0.348796189, -0.509283006, 0.848675311, 0.142760381, -0.233427957, -0.295889646, 0.926261663)},{Name=Right Arm,CFrame=CFrame.new(1.96669388, 0.694229662, 0.227646083, 0.0115916599, -0.999650121, 0.0237658378, 0.959678292, 0.00444607297, -0.281064957, 0.28086105, 0.0260655098, 0.959394574)},{Name=Head,CFrame=CFrame.new(0.0787325203, 1.4934814, 0.0166535918, 0.980313003, 0.157465041, 0.119126126, -0.152157545, 0.986962676, -0.0524660274, -0.125834629, 0.0333071835, 0.991491973)},{Name=Right Leg,CFrame=CFrame.new(0.672961235, -2.10059452, -0.211805403, 0.940971375, -0.168424591, -0.293608636, 0.211400896, 0.969860315, 0.121160716, 0.264353037, -0.176077902, 0.948216259)},{Name=Left Arm,CFrame=CFrame.new(-1.30161393, 0.213754207, -1.00234151, 0.256148458, -0.135715306, -0.957062721, -0.874443948, 0.389453888, -0.289262503, 0.411989331, 0.910991967, -0.0189174116)}},{Time=0.23333333432674408,CFrames={{Name=Torso,CFrame=CFrame.new(0, 0.000506877899, 0, 0.986069858, -0.0556213632, -0.156756073, 0.0556435063, 0.998441696, -0.00425055809, 0.15674822, -0.0045311111, 0.987628222)},{Name=Left Leg,CFrame=CFrame.new(-0.97657299, -2.04619884, -0.0972100198, 0.838566661, 0.421461523, 0.345218718, -0.49564302, 0.853228033, 0.162293553, -0.226149946, -0.307199121, 0.924383402)},{Name=Right Leg,CFrame=CFrame.new(0.72517854, -2.08087635, -0.235179633, 0.941764474, -0.220349893, -0.254018843, 0.246675551, 0.966072321, 0.0765149146, 0.228540555, -0.134719223, 0.964167893)}},{Time=0.30000001192092896,CFrames={{Name=Torso,CFrame=CFrame.new(0, -0.0237085819, 0, 0.973199487, 0.0359781384, -0.227130637, -0.0336963311, 0.999335229, 0.01391696, 0.227480337, -0.00589050865, 0.973764837)},{Name=Left Leg,CFrame=CFrame.new(-0.819229484, -2.06791496, -0.101907551, 0.89802736, 0.296077073, 0.325400054, -0.373024374, 0.904572368, 0.206400886, -0.233237356, -0.306735754, 0.922774851)},{Name=Right Arm,CFrame=CFrame.new(1.94621181, 0.71282661, 0.0374422111, 0.0329623632, -0.974896073, 0.220206305, 0.965997338, -0.0254555251, -0.25729537, 0.256441802, 0.221199691, 0.940908194)},{Name=Head,CFrame=CFrame.new(0.0152121028, 1.49960136, -0.0129669821, 0.96852386, 0.030431835, 0.247053161, -0.0358869322, 0.999200761, 0.0176069196, -0.246319905, -0.0259187054, 0.96884197)},{Name=Right Leg,CFrame=CFrame.new(0.867742419, -2.01223683, -0.319052041, 0.890491962, -0.354711652, -0.284962326, 0.375129282, 0.926784933, 0.0186271723, 0.257491618, -0.123485044, 0.958357632)},{Name=Left Arm,CFrame=CFrame.new(-1.42183018, 0.200306967, -0.905020833, 0.385679066, -0.0305861328, -0.922125876, -0.846378207, 0.386131108, -0.366805285, 0.3672809, 0.921936393, 0.123035349)}},{Time=0.36666667461395264,CFrames={{Name=Torso,CFrame=CFrame.new(0, -0.133247137, 0, 0.981831133, 0.0290014148, -0.187527418, -0.0228404962, 0.99912864, 0.0349316187, 0.188377082, -0.0300137307, 0.981638014)},{Name=Left Leg,CFrame=CFrame.new(-0.866991758, -1.94220996, -0.19841215, 0.895371199, 0.283416837, 0.343489885, -0.373736173, 0.897648513, 0.23355481, -0.242139906, -0.337492794, 0.909651995)},{Name=Right Arm,CFrame=CFrame.new(1.95994592, 0.698201776, 0.141873434, 0.0259102024, -0.993829548, 0.107846469, 0.950891435, -0.00878399797, -0.309398949, 0.308437318, 0.110566899, 0.944796801)},{Name=Head,CFrame=CFrame.new(-0.00264341081, 1.49999046, 0.00206887443, 0.985391617, -0.00527347019, 0.170222431, 0.00590341398, 0.999977529, -0.00319478288, -0.170201778, 0.00415300764, 0.985400498)},{Name=Right Leg,CFrame=CFrame.new(0.875354886, -1.89539492, -0.394156396, 0.88339597, -0.305077553, -0.355723381, 0.350776136, 0.933820903, 0.0702408478, 0.310753167, -0.186829761, 0.931947887)},{Name=Left Arm,CFrame=CFrame.new(-1.42401004, 0.273856103, -0.931818485, 0.38343659, -0.0681198165, -0.921051741, -0.879568756, 0.277210116, -0.386669159, 0.281664789, 0.958391309, 0.0463764742)}},{Time=0.4333333373069763,CFrames={{Name=Torso,CFrame=CFrame.new(0, -0.221212864, 0, 0.996033251, -0.0267330762, -0.08487124, 0.0275711026, 0.999581814, 0.00871718302, 0.0846027061, -0.0110225976, 0.996353805)},{Name=Left Leg,CFrame=CFrame.new(-0.988698781, -1.82422912, -0.260086983, 0.873472989, 0.335232466, 0.353078127, -0.436514795, 0.860409677, 0.262963384, -0.215638027, -0.383815259, 0.897878706)},{Name=Right Arm,CFrame=CFrame.new(1.9377954, 0.645394087, 0.313775003, -0.0397999547, -0.996063948, -0.0791967735, 0.938399255, -0.0100326175, -0.34540683, 0.343252867, -0.0880653486, 0.935105383)},{Name=Head,CFrame=CFrame.new(0.0647060499, 1.4955883, -0.014376428, 0.986707509, 0.12942259, 0.0982753262, -0.131603628, 0.99117291, 0.0160171129, -0.0953348726, -0.0287375972, 0.995030344)},{Name=Right Leg,CFrame=CFrame.new(0.841096878, -1.86931872, -0.316455185, 0.885772765, -0.196637183, -0.420404971, 0.299149632, 0.934436738, 0.193226993, 0.354846358, -0.296919256, 0.886523008)},{Name=Left Arm,CFrame=CFrame.new(-1.31685126, 0.271809042, -0.975791276, 0.339966714, -0.151415497, -0.92816788, -0.884274125, 0.284493327, -0.370300055, 0.32012704, 0.946644843, -0.0371746309)}},{Time=0.5,CFrames={{Name=Torso,CFrame=CFrame.new(0.0137462616, -0.255716324, 0, 0.998423576, 0.0407405458, -0.0386083424, -0.0390683822, 0.998305798, 0.0431183837, 0.0402996019, -0.041542042, 0.998323679)},{Name=Left Leg,CFrame=CFrame.new(-0.870984375, -1.83604538, -0.268369377, 0.91346848, 0.2406739, 0.328102797, -0.304422945, 0.93924433, 0.15857558, -0.270003706, -0.244735748, 0.931236982)},{Name=Right Arm,CFrame=CFrame.new(1.87430334, 0.745667815, 0.307555556, -0.1519472, -0.984231293, -0.0905576125, 0.943994045, -0.117361233, -0.308385044, 0.292894334, -0.132344082, 0.946941435)},{Name=Right Leg,CFrame=CFrame.new(0.949498892, -1.78637803, -0.281350434, 0.849646091, -0.29814437, -0.434984475, 0.368781, 0.925532758, 0.0859588757, 0.37696436, -0.233448595, 0.896325529)},{Name=Left Arm,CFrame=CFrame.new(-1.27807796, 0.286824584, -1.01410818, 0.310961723, -0.18775779, -0.931691885, -0.895968974, 0.269137561, -0.353276491, 0.317083806, 0.944622397, -0.0845337138)}},{Time=0.5666666626930237,CFrames={{Name=Torso,CFrame=CFrame.new(0.0445575714, -0.169717312, 0, 0.994139791, 0.10779646, 0.00812283251, -0.107940927, 0.99395287, 0.0201616008, -0.00590036344, -0.0209202375, 0.999763727)},{Name=Left Leg,CFrame=CFrame.new(-0.7320503, -1.94825196, -0.19218263, 0.935444295, 0.167515367, 0.311259717, -0.212335765, 0.970293581, 0.115945213, -0.282590777, -0.17455183, 0.943225384)},{Name=Right Arm,CFrame=CFrame.new(1.84041345, 0.820181131, 0.332411498, -0.196985915, -0.979714811, -0.0368104167, 0.917890787, -0.171102285, -0.358050615, 0.344489306, -0.104318872, 0.932976305)},{Name=Head,CFrame=CFrame.new(-0.0492626876, 1.49735427, -0.0146557968, 0.994752347, -0.0985167921, -0.0276030805, 0.0992527902, 0.994704187, 0.0266967416, 0.0248268135, -0.0292963348, 0.999262333)},{Name=Right Leg,CFrame=CFrame.new(1.05512571, -1.82529986, -0.140076861, 0.810909688, -0.388255775, -0.437815905, 0.423814178, 0.905568302, -0.0180835892, 0.403493345, -0.170888409, 0.898882747)},{Name=Left Arm,CFrame=CFrame.new(-1.23716462, 0.221352682, -1.08633399, 0.282210052, -0.228633314, -0.931710422, -0.860965669, 0.368057549, -0.351099938, 0.423196405, 0.901254654, -0.092975907)}},{Time=0.6666666865348816,CFrames={{Name=Torso,CFrame=CFrame.new(0.0437808037, -0.0533883572, 0, 0.999355137, -0.00881525595, 0.0348074287, 0.00808846299, 0.999747455, 0.0209662989, -0.0349834636, -0.020671241, 0.999174058)},{Name=Left Leg,CFrame=CFrame.new(-0.878304601, -1.97569811, -0.168663815, 0.879028797, 0.374180228, 0.295461178, -0.38680622, 0.922006428, -0.0168650169, -0.27872774, -0.0994613543, 0.955205858)},{Name=Right Arm,CFrame=CFrame.new(1.93240023, 0.693054914, 0.332368612, -0.0200987253, -0.991723239, -0.126808837, 0.976802289, 0.00756830769, -0.214008346, 0.213196918, -0.128168434, 0.968565881)},{Name=Head,CFrame=CFrame.new(0.0369806625, 1.49849677, -0.0116144475, 0.997068584, 0.0739699081, -0.0195646938, -0.0734790713, 0.996990323, 0.0247198865, 0.0213343389, -0.0232098214, 0.999502838)},{Name=Right Leg,CFrame=CFrame.new(0.804100156, -2.02338076, -0.067296721, 0.91811347, -0.265974969, -0.293810815, 0.28095451, 0.959676802, 0.00918295979, 0.279521108, -0.0909784734, 0.955819428)},{Name=Left Arm,CFrame=CFrame.new(-1.24161005, 0.225452334, -1.08460236, 0.283832729, -0.221364573, -0.932971895, -0.864015698, 0.362908274, -0.348961294, 0.415831059, 0.905149102, -0.0882572159)}},{Time=0.7333333492279053,CFrames={{Name=Torso,CFrame=CFrame.new(0.0437808037, -0.0227899551, 0, 0.999875665, -0.000706331281, -0.0157524142, 0.00159520505, 0.998402119, 0.0564868525, 0.0156873446, -0.0565049574, 0.998279095)},{Name=Left Leg,CFrame=CFrame.new(-0.833977282, -2.00748992, -0.181442916, 0.915029645, 0.34657824, 0.206408277, -0.341766894, 0.93788588, -0.0597075485, -0.214280754, -0.0159093235, 0.976642489)},{Name=Head,CFrame=CFrame.new(-0.0147371003, 1.49978054, 0.00204492733, 0.998910666, -0.0294665713, 0.0361816324, 0.0295958091, 0.999557257, -0.00304142013, -0.0360759869, 0.00410892814, 0.999340534)},{Name=Right Leg,CFrame=CFrame.new(0.809719205, -2.03812456, -0.142200828, 0.916120052, -0.270844787, -0.295578986, 0.266024232, 0.962265909, -0.057225544, 0.29992488, -0.0262056831, 0.953602791)}},{Time=0.800000011920929,CFrames={{Name=Torso,CFrame=CFrame.new(0.0437808037, -0.0533883572, 0, 0.995135307, 0.0109277619, -0.0979097039, -0.00395528227, 0.997459471, 0.0711263344, 0.0984382108, -0.0703930631, 0.99265039)},{Name=Left Leg,CFrame=CFrame.new(-0.839032412, -1.98005426, -0.155967876, 0.912119567, 0.350167394, 0.213120848, -0.350156754, 0.935875237, -0.039077729, -0.213138357, -0.038982112, 0.976244032)},{Name=Right Arm,CFrame=CFrame.new(1.9589572, 0.681017995, 0.280612856, 0.0408477001, -0.983891606, 0.174035206, 0.909774125, -0.0353873931, -0.413591892, 0.413088471, 0.175227016, 0.893673956)},{Name=Head,CFrame=CFrame.new(-0.0338667631, 1.49855399, 0.0172931757, 0.992972791, -0.0677258968, 0.0970475376, 0.0707380325, 0.997103572, -0.0279367752, -0.0948744342, 0.0346054249, 0.99488759)},{Name=Right Leg,CFrame=CFrame.new(0.824925721, -2.00928855, -0.239567593, 0.91000545, -0.29091382, -0.29539603, 0.279193729, 0.956717491, -0.082108669, 0.306497186, -0.00775334425, 0.951839924)},{Name=Left Arm,CFrame=CFrame.new(-1.30663252, 0.225664735, -0.936573684, 0.334867597, -0.115433767, -0.935167551, -0.868335724, 0.347551465, -0.353836775, 0.36586374, 0.930528104, 0.0161484797)}},{Time=0.8666666746139526,CFrames={{Name=Torso,CFrame=CFrame.new(0.0437808037, -0.1595397, 0, 0.989645839, 0.0600666702, -0.130357429, -0.0488520563, 0.994958282, 0.0875868425, 0.134961262, -0.0803117231, 0.98759073)},{Name=Left Leg,CFrame=CFrame.new(-0.780496836, -1.88773906, -0.180519998, 0.919558287, 0.265336633, 0.289843231, -0.277755976, 0.960649729, 0.00178405177, -0.277964532, -0.0821462125, 0.957072496)},{Name=Right Arm,CFrame=CFrame.new(1.87650371, 0.756574631, 0.312036008, -0.101083115, -0.961641967, 0.255002975, 0.8728441, -0.208720401, -0.441110671, 0.477414995, 0.177988961, 0.860461891)},{Name=Head,CFrame=CFrame.new(-0.0401693434, 1.49805665, 0.0181140229, 0.992097378, -0.0803310573, 0.0963824987, 0.0834180191, 0.996109009, -0.0284317546, -0.0937235355, 0.0362471193, 0.994938195)},{Name=Right Leg,CFrame=CFrame.new(0.891053677, -1.86553192, -0.336251497, 0.887371898, -0.353586107, -0.295884788, 0.350955009, 0.934211552, -0.0638651848, 0.299000859, -0.047170002, 0.953086257)},{Name=Left Arm,CFrame=CFrame.new(-1.39911103, 0.216304481, -0.776417017, 0.471225262, -0.174009413, -0.864677727, -0.816992581, 0.283311367, -0.50225234, 0.332369775, 0.943109095, -0.00866089109)}},{Time=0.9666666388511658,CFrames={{Name=Torso,CFrame=CFrame.new(0.0198144913, -0.341386795, 0, 0.995690525, 0.0653075352, 0.0658427924, -0.0708778799, 0.993757486, 0.0861535072, -0.0598052926, -0.0904490277, 0.994103789)},{Name=Left Leg,CFrame=CFrame.new(-0.795895696, -1.7292192, -0.49617812, 0.966508269, 0.115841702, 0.229003385, -0.165379062, 0.963480771, 0.21060358, -0.196243733, -0.24142243, 0.950370193)},{Name=Right Arm,CFrame=CFrame.new(1.81078148, 0.74788785, 0.465428948, -0.199027374, -0.92885989, 0.312421173, 0.690319061, -0.359162807, -0.628061473, 0.69559145, 0.090668872, 0.712693334)},{Name=Head,CFrame=CFrame.new(-0.0349551477, 1.49854565, 0.0152700245, 0.993863344, -0.0699021891, -0.0857286304, 0.066978924, 0.997085989, -0.0365176052, 0.0880314484, 0.0305514932, 0.99564904)},{Name=Right Leg,CFrame=CFrame.new(0.940623581, -1.68902099, -0.34744978, 0.805268228, -0.358648092, -0.472138017, 0.457231015, 0.882592738, 0.109402858, 0.377468586, -0.303974867, 0.874709308)},{Name=Left Arm,CFrame=CFrame.new(-1.29392552, 0.258714348, -0.816924334, 0.538530767, -0.357014656, -0.763233483, -0.768672287, 0.162878588, -0.618557215, 0.345148504, 0.919788361, -0.18671222)}},{Time=1.0666667222976685,CFrames={{Name=Torso,CFrame=CFrame.new(0.0198144913, -0.197637081, 0, 0.997974694, 0.00330547872, 0.0635259897, -0.00835653301, 0.99680692, 0.0794113502, -0.0630606562, -0.0797813758, 0.994815707)},{Name=Left Leg,CFrame=CFrame.new(-0.890398264, -1.85641706, -0.386513561, 0.953169227, 0.186638281, 0.237979814, -0.219294697, 0.968391359, 0.118858941, -0.208274007, -0.165480345, 0.963970006)},{Name=Right Leg,CFrame=CFrame.new(0.823587, -1.88166821, -0.27858609, 0.83956337, -0.277509272, -0.467035264, 0.352748066, 0.932277918, 0.0801619738, 0.413161099, -0.232046828, 0.880597591)}},{Time=1.1333333253860474,CFrames={{Name=Torso,CFrame=CFrame.new(0.0198144913, -0.0649306774, 0, 0.997276425, -0.0380841754, 0.0631614849, 0.0362949036, 0.998913288, 0.0292384271, -0.0642063692, -0.0268663522, 0.997574925)},{Name=Left Leg,CFrame=CFrame.new(-0.956736505, -1.98446715, -0.274902254, 0.941290617, 0.236105278, 0.24130173, -0.265123934, 0.959483147, 0.0953971893, -0.209001213, -0.153771311, 0.96574986)},{Name=Right Arm,CFrame=CFrame.new(1.75948453, 0.34643352, 0.0488912165, 0.596458495, -0.492052376, 0.634130776, 0.455545545, 0.858005404, 0.237285122, -0.660844386, 0.147344664, 0.735917211)},{Name=Right Leg,CFrame=CFrame.new(0.742159545, -2.05059671, -0.166676611, 0.859155834, -0.217958212, -0.462974638, 0.303362399, 0.945564151, 0.117807843, 0.412095189, -0.24166438, 0.878507733)}},{Time=1.2333333492279053,CFrames={{Name=Torso,CFrame=CFrame.new(0.0198144913, 0.0184845924, 0, 0.999767363, -0.00902869459, 0.0195914172, 0.00931854546, 0.99984771, -0.0147542395, -0.0194552243, 0.0149333691, 0.999699235)},{Name=Left Leg,CFrame=CFrame.new(-0.898582578, -2.08744311, -0.184450775, 0.946177542, 0.246429369, 0.209810615, -0.277794182, 0.950995266, 0.135786429, -0.166067198, -0.186762214, 0.968267262)},{Name=Right Arm,CFrame=CFrame.new(1.77394068, 0.137937963, 0.0606861115, 0.633437455, -0.248697251, 0.732739091, -0.0552304909, 0.929996729, 0.363393694, -0.771820247, -0.270656735, 0.575359285)},{Name=Head,CFrame=CFrame.new(-0.0099855382, 1.49971092, -0.0138200149, 0.99955523, -0.019963447, -0.0221511405, 0.0205631759, 0.999418914, 0.027185183, 0.021595547, -0.0276285857, 0.999384999)},{Name=Right Leg,CFrame=CFrame.new(0.797596812, -2.03003097, -0.0672488511, 0.852413654, -0.24937354, -0.459569037, 0.320409477, 0.943703771, 0.0822218657, 0.413193136, -0.217337295, 0.884327948)},{Name=Left Arm,CFrame=CFrame.new(-1.89142275, 0.825811267, 0.126070514, 0.511585355, 0.859230042, -0.00195318903, -0.854767025, 0.508693576, -0.102974534, -0.0874852315, 0.0543497615, 0.994682014)}},{Time=1.2999999523162842,CFrames={{Name=Torso,CFrame=CFrame.new(0.0198144913, -0.0480010509, 0, 0.998722911, -0.0314879455, 0.0395114981, 0.0327217802, 0.998984277, -0.0309790671, -0.0384958945, 0.0322323889, 0.998738766)},{Name=Left Leg,CFrame=CFrame.new(-0.982464552, -2.02734923, -0.12968412, 0.911384404, 0.35829702, 0.202489391, -0.388739496, 0.910999596, 0.137698621, -0.135130778, -0.20421198, 0.96955508)},{Name=Right Arm,CFrame=CFrame.new(1.68167281, 0.121905923, -0.270669639, 0.521773636, -0.240940362, 0.818352044, -0.0502949245, 0.948929489, 0.311452776, -0.85160017, -0.203666806, 0.483008415)},{Name=Head,CFrame=CFrame.new(-0.0104754502, 1.49964881, -0.0155892847, 0.997917771, -0.0209413636, -0.0610043816, 0.0227943454, 0.999294758, 0.0298387036, 0.0603365004, -0.0311671253, 0.997691393)},{Name=Right Leg,CFrame=CFrame.new(0.777875185, -1.99959683, -0.00183182675, 0.847628057, -0.270172536, -0.456654698, 0.331635624, 0.941592097, 0.0584933124, 0.414179295, -0.201023504, 0.887719035)},{Name=Left Arm,CFrame=CFrame.new(-1.7751627, 0.98778522, 0.218736753, -0.0697058663, 0.997488379, 0.0125561412, -0.923991144, -0.0598152913, -0.377706349, -0.376006752, -0.0379301049, 0.925840318)}},{Time=1.3666666746139526,CFrames={{Name=Torso,CFrame=CFrame.new(0, 0, 0, 1, 0, 0, 0, 1, 0, 0, 0, 1)},{Name=Left Leg,CFrame=CFrame.new(-0.992095768, -1.94576144, -0.206132963, 0.896685243, 0.414565921, 0.155211136, -0.430395842, 0.898467243, 0.0866916403, -0.103512719, -0.144537345, 0.984070182)},{Name=Right Arm,CFrame=CFrame.new(1.62977886, 0.153334558, -0.562107921, 0.453549117, -0.0782083422, 0.887793183, 0.283893734, 0.956929922, -0.0607347116, -0.844806254, 0.279585093, 0.456217825)},{Name=Head,CFrame=CFrame.new(-0.00353221269, 1.49603713, 0.0627313852, 0.997981966, -0.00705584232, -0.0631044507, -0.000932253839, 0.992071807, -0.125668973, 0.0634908527, 0.125474215, 0.99006325)},{Name=Right Leg,CFrame=CFrame.new(0.841289878, -1.86181891, -0.105270505, 0.858095586, -0.308490813, -0.410494059, 0.379328042, 0.919641793, 0.10182488, 0.346095622, -0.243087441, 0.906160116)},{Name=Left Arm,CFrame=CFrame.new(-1.7632668, 0.964762926, 0.333213955, -0.249046013, 0.967363834, 0.0467225984, -0.918000817, -0.220414087, -0.329684436, -0.308626622, -0.124997959, 0.942934453)}},{Time=1.4333332777023315,CFrames={{Name=Torso,CFrame=CFrame.new(0, 0, 0, 1, 0, 0, 0, 1, 0, 0, 0, 1)},{Name=Left Leg,CFrame=CFrame.new(-1.00124288, -1.93499672, -0.285250455, 0.878175557, 0.46674192, 0.104688287, -0.472487569, 0.880530477, 0.0376958661, -0.0745869949, -0.0825674906, 0.993790329)},{Name=Right Leg,CFrame=CFrame.new(0.957270622, -1.8389008, -0.211764425, 0.86350739, -0.348311692, -0.364737928, 0.422924131, 0.894089818, 0.147437453, 0.274754375, -0.281569809, 0.919363022)}},{Time=1.4666666984558105,CFrames={{Name=Torso,CFrame=CFrame.new(0.0198144913, -0.273814678, 0, 0.993279457, 0.00813717954, 0.115454555, -0.0176087953, 0.996537626, 0.081256628, -0.114393614, -0.0827435479, 0.989983618)},{Name=Left Leg,CFrame=CFrame.new(-1.00508857, -1.9046706, -0.347135365, 0.866284609, 0.490115821, 0.096626848, -0.491855592, 0.870651543, -0.00655732956, -0.087342225, -0.0418459661, 0.995298922)},{Name=Right Arm,CFrame=CFrame.new(1.55796885, 0.49645403, -0.972289622, 0.425454348, -0.0670574829, 0.902492225, 0.873659551, 0.29052341, -0.390275329, -0.236024231, 0.954515278, 0.182189912)},{Name=Head,CFrame=CFrame.new(0.0156706329, 1.49677849, 0.05446117, 0.997325063, 0.031349849, -0.0660310686, -0.0382948704, 0.993555009, -0.106686696, 0.0622608587, 0.108929969, 0.992097795)},{Name=Right Leg,CFrame=CFrame.new(0.995753288, -1.78046632, -0.277562171, 0.872942567, -0.352347702, -0.337375253, 0.423504323, 0.890619159, 0.165652692, 0.242105633, -0.287485182, 0.926680684)},{Name=Left Arm,CFrame=CFrame.new(-1.76470435, 0.757596374, 0.483986378, -0.120880753, 0.969242513, 0.2143742, -0.962919593, -0.0620192215, -0.262562871, -0.241191909, -0.238163888, 0.940799952)}},{Time=1.5333333015441895,CFrames={{Name=Torso,CFrame=CFrame.new(0.0198144913, -0.285783291, 0, 0.987175524, 0.001856355, 0.159627751, -0.0240904316, 0.990213573, 0.137465447, -0.157810375, -0.139548033, 0.977559328)},{Name=Left Leg,CFrame=CFrame.new(-0.983542562, -1.86694777, -0.463544428, 0.877286375, 0.473308623, 0.0796712115, -0.463832617, 0.878710926, -0.112808712, -0.123401359, 0.0620114245, 0.990417421)},{Name=Right Arm,CFrame=CFrame.new(1.56687069, 0.587239802, -0.891207039, 0.42570129, -0.0909556523, 0.900280893, 0.90128845, 0.130979881, -0.412944615, -0.0803589895, 0.987203658, 0.137735635)},{Name=Head,CFrame=CFrame.new(0.0212984532, 1.4904778, 0.0947458446, 0.989503622, 0.0426054895, -0.138084203, -0.0676480681, 0.980951667, -0.182092384, 0.127695814, 0.189522207, 0.973537385)},{Name=Right Leg,CFrame=CFrame.new(1.01312566, -1.77602863, -0.328225076, 0.865994453, -0.36654833, -0.34014082, 0.425515741, 0.897455931, 0.116225846, 0.262659132, -0.245386228, 0.933164418)},{Name=Left Arm,CFrame=CFrame.new(-1.88568354, 0.711631, 0.421786487, -0.0451939292, 0.989564657, 0.136817038, -0.969356954, -0.0103367586, -0.245438486, -0.24146308, -0.143716827, 0.95970881)}},{Time=1.6666666269302368,CFrames={{Name=Torso,CFrame=CFrame.new(-0.00501346588, -0.146711588, 0, 0.981852233, 0.0450570025, 0.184217349, -0.0582873598, 0.996046066, 0.0670443177, -0.180468127, -0.0765651539, 0.980596244)},{Name=Left Leg,CFrame=CFrame.new(-0.91273737, -2.04461217, -0.411906183, 0.923578322, 0.379313022, 0.0558992289, -0.380019516, 0.924975514, 0.00218874053, -0.0508752353, -0.0232642554, 0.998434007)},{Name=Right Arm,CFrame=CFrame.new(1.59229958, 0.505476356, -0.92965138, 0.484655589, -0.0828580633, 0.870771766, 0.856075764, 0.249293417, -0.452754557, -0.179563358, 0.964876592, 0.191754311)},{Name=Head,CFrame=CFrame.new(-0.0376082696, 1.49759769, 0.0313448869, 0.988400221, -0.0752079561, -0.131942362, 0.0660749748, 0.995192647, -0.0722883567, 0.136744753, 0.0627317354, 0.988617957)},{Name=Right Leg,CFrame=CFrame.new(1.04342413, -1.88305688, -0.109646127, 0.837228775, -0.418743134, -0.351713002, 0.464525282, 0.88395077, 0.0533545464, 0.288555205, -0.208049521, 0.934586048)},{Name=Left Arm,CFrame=CFrame.new(-1.9684298, 0.612288594, 0.428078413, 0.132396474, 0.977470458, 0.164383724, -0.952404857, 0.17139554, -0.252087831, -0.27458322, -0.123184346, 0.953640103)}},{Time=1.7333333492279053,CFrames={{Name=Torso,CFrame=CFrame.new(-0.00501346588, -0.108244896, 0, 0.986308038, -0.00380616542, 0.164869532, -0.00782394875, 0.997527897, 0.0698344782, -0.164727762, -0.0701682419, 0.983839989)},{Name=Left Leg,CFrame=CFrame.new(-1.00998092, -2.02671742, -0.360201061, 0.891550958, 0.449495286, 0.055593811, -0.447237164, 0.893090308, -0.048662398, -0.0715238601, 0.0185213871, 0.997266889)},{Name=Right Arm,CFrame=CFrame.new(1.57413423, 0.451155931, -0.943201184, 0.550940156, -0.0572473109, 0.832579017, 0.812033474, 0.266926318, -0.518990934, -0.192526489, 0.962014794, 0.193547249)},{Name=Head,CFrame=CFrame.new(0.024055887, 1.49739277, 0.044958435, 0.98988241, 0.0481184497, -0.133483127, -0.0595283955, 0.994782746, -0.0828471929, 0.128800273, 0.089955017, 0.987582207)},{Name=Right Leg,CFrame=CFrame.new(0.950866699, -1.98252583, -0.129180744, 0.850892425, -0.391779155, -0.349987268, 0.432598263, 0.900527775, 0.0436771065, 0.298061579, -0.188568383, 0.935735583)},{Name=Left Arm,CFrame=CFrame.new(-1.91069365, 0.654286027, 0.437689632, 0.0651339069, 0.982601166, 0.173931643, -0.952324092, 0.113270827, -0.283280849, -0.298053622, -0.147188023, 0.943132758)}},{Time=1.7999999523162842,CFrames={{Name=Torso,CFrame=CFrame.new(-0.00501346588, -0.117488623, 0, 0.987449229, -0.0442430303, 0.151612908, 0.033691898, 0.996873617, 0.071469292, -0.154300928, -0.0654641613, 0.985852778)},{Name=Left Leg,CFrame=CFrame.new(-1.07434285, -1.97278559, -0.357851088, 0.868819594, 0.489456207, 0.0747332647, -0.486841053, 0.871990204, -0.0511703528, -0.0902123973, 0.00807454996, 0.995889843)},{Name=Right Arm,CFrame=CFrame.new(1.57541573, 0.403821856, -0.952519119, 0.529895604, -0.0691513717, 0.845239043, 0.819634676, 0.297651231, -0.489492118, -0.217737362, 0.952166736, 0.214403063)},{Name=Head,CFrame=CFrame.new(0.0556100458, 1.49402738, 0.0533225909, 0.984555244, 0.111226767, -0.135202304, -0.124160841, 0.988051832, -0.0913105831, 0.123430729, 0.106687143, 0.986601651)},{Name=Right Leg,CFrame=CFrame.new(0.858394742, -1.99464607, -0.137316972, 0.859785497, -0.325257182, -0.39367044, 0.38504377, 0.919300973, 0.0814025253, 0.33542496, -0.221569061, 0.915640235)},{Name=Left Arm,CFrame=CFrame.new(-1.86997771, 0.701899171, 0.384837389, 0.0316581391, 0.987991452, 0.151228368, -0.973248243, 0.0649204403, -0.220392883, -0.227564186, -0.140205517, 0.96361661)}},{Time=1.8666666746139526,CFrames={{Name=Torso,CFrame=CFrame.new(-0.00501346588, -0.169916868, 0, 0.996047139, 0.0096796602, 0.0882971287, -0.0140927657, 0.998674989, 0.0494945422, -0.0877010375, -0.0505432487, 0.994863749)},{Name=Left Leg,CFrame=CFrame.new(-0.98505795, -1.960585, -0.29125461, 0.894904613, 0.42229262, 0.144272611, -0.433973998, 0.898867309, 0.0608583465, -0.103981934, -0.117072947, 0.9876647)},{Name=Right Arm,CFrame=CFrame.new(1.49464464, 0.409701198, -0.977173507, 0.503218889, 0.0162614379, 0.864005983, 0.824891031, 0.288928807, -0.485874951, -0.257537454, 0.95721221, 0.131980568)},{Name=Head,CFrame=CFrame.new(0.00703941844, 1.49961925, 0.0182506721, 0.998404026, 0.0140855126, -0.0546908677, -0.0160542186, 0.999232709, -0.0357261226, 0.0541456901, 0.0365471207, 0.997864008)},{Name=Right Leg,CFrame=CFrame.new(0.953012526, -1.89009774, -0.177573979, 0.867697656, -0.385165721, -0.314242214, 0.434436917, 0.894814909, 0.102811366, 0.241589293, -0.225727603, 0.943759263)},{Name=Left Arm,CFrame=CFrame.new(-1.88710427, 0.68407619, 0.379621506, 0.0687120557, 0.985190153, 0.157093704, -0.973393798, 0.100708403, -0.205820397, -0.218593001, -0.138771653, 0.965898275)}},{Time=1.9666666984558105,CFrames={{Name=Torso,CFrame=CFrame.new(-0.00501346588, -0.249101639, 0, 0.999957681, -0.000437734037, 0.00919086579, -2.39070796e-05, 0.998740792, 0.0501681715, -0.0092012519, -0.0501662642, 0.998698473)},{Name=Left Leg,CFrame=CFrame.new(-1.0251739, -1.87670946, -0.268020928, 0.868111253, 0.437633067, 0.234222338, -0.477194518, 0.865706146, 0.151121795, -0.136631832, -0.242960095, 0.960365474)},{Name=Right Arm,CFrame=CFrame.new(1.46607852, 0.397891045, -0.992841005, 0.514241159, 0.084414795, 0.853481174, 0.805737913, 0.293397158, -0.514493763, -0.293839991, 0.952256143, 0.0828607529)},{Name=Head,CFrame=CFrame.new(0.022245802, 1.49924529, 0.0161581412, 0.998999655, 0.044500187, -0.00443558861, -0.0446202345, 0.99848491, -0.0322001651, 0.00299595576, 0.0323658735, 0.999471664)},{Name=Right Leg,CFrame=CFrame.new(0.914931178, -1.83354223, -0.255577087, 0.882771909, -0.354300082, -0.308520943, 0.408765048, 0.902943969, 0.132674947, 0.231570482, -0.243234262, 0.941919327)},{Name=Left Arm,CFrame=CFrame.new(-1.87695754, 0.656166196, 0.458045542, 0.0467948914, 0.986813784, 0.154946595, -0.919893563, 0.103035249, -0.378390521, -0.38936609, -0.124827586, 0.912585318)}},{Time=2.0333333015441895,CFrames={{Name=Torso,CFrame=CFrame.new(-0.00501346588, -0.230865955, 0, 0.995419502, -0.0713478625, 0.0636351332, 0.0678828955, 0.996173561, 0.0550466329, -0.0673190951, -0.0504747592, 0.996453941)},{Name=Left Leg,CFrame=CFrame.new(-1.10712183, -1.83163261, -0.328557491, 0.82661593, 0.505321205, 0.247702226, -0.541242957, 0.834413767, 0.103967234, -0.154149368, -0.220008045, 0.963241458)},{Name=Right Arm,CFrame=CFrame.new(1.53665924, 0.370286822, -0.974985898, 0.613662124, 0.0426695198, 0.788414955, 0.747463107, 0.290330768, -0.597500205, -0.25439626, 0.9559744, 0.146271184)},{Name=Head,CFrame=CFrame.new(0.0768703222, 1.49355161, 0.0223051086, 0.98648411, 0.153747797, -0.056662228, -0.155929729, 0.987100422, -0.036315307, 0.0503478944, 0.0446598083, 0.997732699)},{Name=Right Leg,CFrame=CFrame.new(0.806556106, -1.9038049, -0.250932395, 0.888698936, -0.253297389, -0.382170707, 0.340488851, 0.92283237, 0.180131286, 0.307052761, -0.290207297, 0.906365395)},{Name=Left Arm,CFrame=CFrame.new(-1.83745444, 0.716347456, 0.407808661, -0.0391027592, 0.996625423, 0.0721692145, -0.926021993, -0.00900651887, -0.377361596, -0.375438243, -0.0815861449, 0.923249722)}},{Time=2.0999999046325684,CFrames={{Name=Torso,CFrame=CFrame.new(-0.00501346588, -0.148001909, 0, 0.998026788, -0.0330918022, 0.05336155, 0.0302878432, 0.998160183, 0.0525254644, -0.0550015345, -0.0508056171, 0.99719286)},{Name=Left Leg,CFrame=CFrame.new(-1.03109896, -1.94729698, -0.274820536, 0.855945766, 0.460163057, 0.235811159, -0.485949904, 0.871726871, 0.0628049374, -0.176662415, -0.168349981, 0.969767272)},{Name=Head,CFrame=CFrame.new(0.017939128, 1.49932694, 0.0187213272, 0.997646987, 0.0358863622, -0.058419086, -0.0379926339, 0.998652458, -0.0353521332, 0.0570717081, 0.0374884307, 0.997666001)},{Name=Right Leg,CFrame=CFrame.new(0.853065848, -1.95486021, -0.217127696, 0.87929368, -0.312273502, -0.359622031, 0.374112219, 0.920132816, 0.115736, 0.294758856, -0.236304894, 0.925892651)},{Name=Left Arm,CFrame=CFrame.new(-1.87038279, 0.660567999, 0.441306472, 0.0346663333, 0.988714874, 0.145742401, -0.913859963, 0.090390861, -0.395839751, -0.404546559, -0.119465835, 0.906680763)}},{Time=2.1666667461395264,CFrames={{Name=Torso,CFrame=CFrame.new(-0.0259628296, -0.0391170979, 0, 0.996524453, -0.073676534, 0.03886934, 0.0715411529, 0.995989323, 0.0537321791, -0.0426722504, -0.0507646725, 0.997798562)},{Name=Left Leg,CFrame=CFrame.new(-1.08156276, -2.01968527, -0.225010633, 0.825831294, 0.513415515, 0.233253062, -0.525690854, 0.850603461, -0.0110668214, -0.204087794, -0.113479652, 0.972353041)},{Name=Right Arm,CFrame=CFrame.new(1.5707202, 0.391536504, -0.949006498, 0.618845642, -0.0202696305, 0.785251379, 0.761315882, 0.261685163, -0.593227446, -0.19346413, 0.964940131, 0.177374378)},{Name=Head,CFrame=CFrame.new(0.030895032, 1.49871624, 0.0180814136, 0.996411204, 0.0617976934, -0.0578426756, -0.0637560785, 0.997431457, -0.0326455757, 0.0556766838, 0.0362162329, 0.997791767)},{Name=Right Leg,CFrame=CFrame.new(0.787085176, -2.04613304, -0.225219995, 0.858103395, -0.254662007, -0.445876777, 0.318077773, 0.945307732, 0.0722380653, 0.403094679, -0.203811094, 0.892174602)},{Name=Left Arm,CFrame=CFrame.new(-1.87116098, 0.649609029, 0.456345618, 0.0364795215, 0.988458276, 0.147034645, -0.898421288, 0.0968693644, -0.428316593, -0.437616378, -0.116474256, 0.891586006)}},{Time=2.2333333492279053,CFrames={{Name=Torso,CFrame=CFrame.new(-0.0702490807, -0.0506896973, 0, 0.99489522, -0.0903384835, 0.0449722782, 0.0878289044, 0.994618177, 0.0549615212, -0.0496953875, -0.050731089, 0.997475147)},{Name=Left Leg,CFrame=CFrame.new(-1.0768131, -1.9447974, -0.267733991, 0.792501867, 0.522882342, 0.313902289, -0.533209145, 0.843886435, -0.0595224425, -0.296021223, -0.120203927, 0.94758755)},{Name=Head,CFrame=CFrame.new(0.0497997701, 1.49713707, 0.0193386935, 0.993380129, 0.099606216, -0.0572261475, -0.101604186, 0.994273186, -0.0331280529, 0.053598661, 0.0387231633, 0.997811437)},{Name=Right Leg,CFrame=CFrame.new(0.779363334, -1.9957906, -0.176503658, 0.85759151, -0.146635637, -0.492985547, 0.18020685, 0.983404636, 0.0209775846, 0.481728375, -0.106829569, 0.869784415)},{Name=Left Arm,CFrame=CFrame.new(-1.84053874, 0.683860719, 0.459615231, -0.0287330206, 0.992425203, 0.119442374, -0.897144973, 0.0270901639, -0.440904468, -0.440800458, -0.119825564, 0.889571011)}},{Time=2.3333332538604736,CFrames={{Name=Torso,CFrame=CFrame.new(-0.0926952362, -0.108679771, 0, 0.997962058, -0.0464018732, 0.0438022912, 0.0440628342, 0.997625411, 0.0529345237, -0.0461545363, -0.0508965924, 0.997636855)},{Name=Left Leg,CFrame=CFrame.new(-1.05766428, -1.97016108, -0.28621909, 0.832888424, 0.513988495, 0.205212787, -0.535923123, 0.841584265, 0.067243509, -0.138141543, -0.165984616, 0.976404667)},{Name=Right Arm,CFrame=CFrame.new(1.56095302, 0.420027882, -0.941273928, 0.604779422, -0.0148015069, 0.796255529, 0.778477848, 0.221864834, -0.587152541, -0.167970389, 0.974964917, 0.145702034)},{Name=Head,CFrame=CFrame.new(0.0497996472, 1.49713778, 0.019338537, 0.988828182, 0.0996054932, -0.110894777, -0.103247151, 0.994273543, -0.0275814235, 0.107512444, 0.0387228504, 0.99344939)},{Name=Right Leg,CFrame=CFrame.new(0.770122886, -2.01741385, -0.245031327, 0.73547262, -0.146952912, -0.661426246, 0.246729508, 0.967258513, 0.0594491325, 0.631034374, -0.206916586, 0.747650504)},{Name=Left Arm,CFrame=CFrame.new(-1.8842504, 0.712812662, 0.323147118, -0.0194932241, 0.995678544, 0.0907943994, -0.930766344, 0.0150889447, -0.365302056, -0.365093589, -0.0916292742, 0.92645061)}},{Time=2.433333396911621,CFrames={{Name=Torso,CFrame=CFrame.new(-0.0926952362, -0.256717205, 0, 0.998971045, 0.0335629657, -0.0305026714, -0.0321521163, 0.998441219, 0.0456226952, 0.0319863558, -0.0445950218, 0.998492956)},{Name=Left Leg,CFrame=CFrame.new(-0.95049876, -1.91239595, -0.276260853, 0.84483856, 0.40915671, 0.3447299, -0.478420973, 0.866171956, 0.144426778, -0.239502266, -0.286943138, 0.927524805)},{Name=Right Arm,CFrame=CFrame.new(1.5021472, 0.539639115, -1.02547204, 0.510893703, -0.00156994548, 0.859642446, 0.838426173, 0.221713707, -0.497879684, -0.189813018, 0.975110412, 0.11458838)},{Name=Head,CFrame=CFrame.new(-0.024038408, 1.49900508, 0.0203743167, 0.998737812, -0.0480701402, 0.0145626627, 0.0486202389, 0.998011053, -0.0401255675, -0.012604855, 0.0407829657, 0.999088585)},{Name=Right Leg,CFrame=CFrame.new(0.905974627, -1.82770431, -0.385730207, 0.745239139, -0.224093094, -0.628013432, 0.348259449, 0.933978319, 0.0799957961, 0.568624616, -0.278327584, 0.774079978)},{Name=Left Arm,CFrame=CFrame.new(-1.87574673, 0.715005159, 0.336372674, -0.0320394523, 0.991218388, 0.128293231, -0.935507894, 0.0154458154, -0.352967471, -0.351849586, -0.131328195, 0.926798046)}},{Time=2.5333333015441895,CFrames={{Name=Torso,CFrame=CFrame.new(-0.134310722, -0.191550016, 0, 0.998936594, -0.0415770672, -0.0199262165, 0.0423959307, 0.998192072, 0.042604614, 0.0181188025, -0.0434040949, 0.998893261)},{Name=Left Leg,CFrame=CFrame.new(-1.04749072, -1.91342616, -0.279670775, 0.790640295, 0.478891701, 0.381511003, -0.552532792, 0.82651937, 0.107575379, -0.263809383, -0.295850784, 0.91808331)},{Name=Right Arm,CFrame=CFrame.new(1.52863348, 0.382553965, -1.03171229, 0.590066612, 0.0261792913, 0.806930184, 0.784811199, 0.215936795, -0.580897689, -0.189453542, 0.976056159, 0.106871292)},{Name=Head,CFrame=CFrame.new(0.0558172017, 1.49665129, 0.0148745673, 0.993618309, 0.111641079, 0.016095411, -0.1110911, 0.993302524, -0.0317627788, -0.0195336603, 0.0297720227, 0.999365747)},{Name=Right Leg,CFrame=CFrame.new(0.807391584, -1.94823599, -0.293158114, 0.843239188, -0.203614831, -0.49748233, 0.310881555, 0.939731538, 0.142324969, 0.438520581, -0.274672061, 0.85571903)},{Name=Left Arm,CFrame=CFrame.new(-1.8108139, 0.775061548, 0.334721267, -0.154746264, 0.984058499, 0.087647289, -0.926448047, -0.113726817, -0.35883078, -0.343142778, -0.136728406, 0.929278374)}},{Time=2.5999999046325684,CFrames={{Name=Torso,CFrame=CFrame.new(-0.156657219, -0.144227505, 0, 0.998313904, -0.0578089058, -0.00524433563, 0.0579772219, 0.997454226, 0.0415176675, 0.0028308942, -0.0417517126, 0.999123991)},{Name=Left Leg,CFrame=CFrame.new(-1.05636513, -1.95316029, -0.306224674, 0.791154802, 0.461355805, 0.40152812, -0.549986839, 0.823848069, 0.137069374, -0.267560571, -0.329277962, 0.905531347)},{Name=Right Arm,CFrame=CFrame.new(1.53752232, 0.390806228, -1.0366919, 0.628730953, 0.0490725562, 0.776073098, 0.750147641, 0.224669486, -0.621933937, -0.204880014, 0.973198295, 0.104444988)},{Name=Head,CFrame=CFrame.new(0.0795245841, 1.49335551, 0.0165940896, 0.987039924, 0.15905489, -0.0213001017, -0.159653634, 0.986710966, -0.0302018337, 0.0162132867, 0.0332110673, 0.999316812)},{Name=Right Leg,CFrame=CFrame.new(0.807680249, -1.99442208, -0.172412261, 0.883975923, -0.211492628, -0.416962117, 0.261631697, 0.962889731, 0.0662697032, 0.387473047, -0.167671308, 0.90650481)},{Name=Left Arm,CFrame=CFrame.new(-1.78469026, 0.772692204, 0.355179548, -0.187067881, 0.963985503, 0.189042762, -0.925097644, -0.108137861, -0.364005774, -0.330453753, -0.242976829, 0.912010133)}},{Time=2.700000047683716,CFrames={{Name=Torso,CFrame=CFrame.new(-0.167934418, -0.0652561188, 0, 0.992910743, -0.11812526, 0.0132160429, 0.117458552, 0.992138326, 0.04318491, -0.0182133727, -0.0413264222, 0.998979688)},{Name=Left Leg,CFrame=CFrame.new(-1.14206207, -1.86479843, -0.323093355, 0.803234875, 0.517889559, 0.294285476, -0.568746388, 0.813637376, 0.12050388, -0.177033976, -0.264166683, 0.948090017)},{Name=Right Arm,CFrame=CFrame.new(1.53333342, 0.374755979, -1.02641475, 0.675645471, 0.02268539, 0.736877799, 0.714180589,