return {
	Name="CaliforniaGirlsEmote",
	Time=9.66666666666666,
	Animations={
		{
			Time=0,
			CFrames={
				{Name="Torso",CFrame=CFrame.new(0, -0.27169466, 0, 0.993873656, 0.0687239394, -0.0865577087, -0.0684264675, 0.997635603, 0.00640248088, 0.0867930576, -0.000440417789, 0.996226251)},
				{Name="Left Leg",CFrame=CFrame.new(-0.943111062, -2.06525731, -0.267283738, 0.917712629, 0.299114197, 0.261408538, -0.358142763, 0.907692909, 0.218693152, -0.171864524, -0.294319063, 0.940126956)},
				{Name="Right Arm",CFrame=CFrame.new(1.8890115, 0.659661293, 0.485810727, -0.262989134, -0.960014284, -0.0959640667, 0.906704843, -0.211934462, -0.3646501, 0.329731375, -0.182910085, 0.926186025)},
				{Name="Head",CFrame=CFrame.new(0.060417816, 1.22576904, -0.0105986297, 0.999822974, -0.0166113302, 0.00884338468, 0.0164274275, 0.999655247, 0.0204767268, -0.0091804862, -0.0203278251, 0.99975127)},
				{Name="Right Leg",CFrame=CFrame.new(0.868404984, -2.11624837, -0.173214018, 0.894785702, -0.310402721, -0.320949972, 0.37013036, 0.91769439, 0.144360185, 0.249724194, -0.247964725, 0.936029434)},
				{Name="Left Arm",CFrame=CFrame.new(-1.19717491, 0.0325244367, -1.10861921, 0.158472449, -0.176647693, -0.971433103, -0.893431246, 0.393173635, -0.217243403, 0.420317471, 0.902335763, -0.09551543)},
			}
		},		{
			Time=0.06666667014360428,
			CFrames={
				{Name="Torso",CFrame=CFrame.new(0, -0.0985913277, 0, 0.993407726, 0.0337054729, -0.109567329, -0.0334856883, 0.999431789, 0.0038458542, 0.109634705, -0.000151563698, 0.993971944)},
				{Name="Left Leg",CFrame=CFrame.new(-0.915979028, -2.06419325, -0.254473448, 0.909362555, 0.33828932, 0.242116064, -0.389319003, 0.897138178, 0.208741695, -0.146596491, -0.284082294, 0.947526693)},
				{Name="Right Arm",CFrame=CFrame.new(1.91297972, 0.787296295, 0.477876961, -0.155440107, -0.985376835, -0.0697904378, 0.936652601, -0.124568328, -0.327359766, 0.313879162, -0.116254225, 0.942318916)},
				{Name="Right Leg",CFrame=CFrame.new(0.863326252, -2.10592222, -0.150407135, 0.890366316, -0.295114696, -0.346633703, 0.352449596, 0.928792655, 0.114555754, 0.288143754, -0.224167466, 0.930979013)},
				{Name="Left Arm",CFrame=CFrame.new(-1.16541433, 0.116900265, -1.15121031, 0.107971743, -0.17081517, -0.979369402, -0.869428754, 0.461514711, -0.176345512, 0.482115895, 0.870532095, -0.0986811221)},
			}
		},		{
			Time=0.13333334028720856,
			CFrames={
				{Name="Torso",CFrame=CFrame.new(0, -0.0163230896, 0, 0.989902079, -0.0423373319, -0.13528271, 0.042122297, 0.999102473, -0.00445280271, 0.135349825, -0.00129057898, 0.990797043)},
				{Name="Left Leg",CFrame=CFrame.new(-0.858889878, -2.07008624, -0.252750695, 0.894295573, 0.388575077, 0.221911192, -0.430230588, 0.882999957, 0.187648892, -0.123031959, -0.263286531, 0.956840336)},
				{Name="Right Arm",CFrame=CFrame.new(1.88406599, 0.860492468, 0.510718465, -0.109120294, -0.98852694, -0.10443642, 0.950375974, -0.0729579628, -0.302427113, 0.291337997, -0.132254824, 0.947433889)},
				{Name="Head",CFrame=CFrame.new(-0.00578323659, 1.48144138, -0.00121283019, 0.997231185, 0.0731105953, 0.0135858357, -0.0731017292, 0.997323692, -0.00114830327, -0.0136334151, 0.000151976012, 0.999907017)},
				{Name="Right Leg",CFrame=CFrame.new(0.88380903, -2.07013488, -0.122873366, 0.889780283, -0.263528466, -0.372617334, 0.318480194, 0.943321109, 0.0933542252, 0.326896429, -0.201736033, 0.923277438)},
				{Name="Left Arm",CFrame=CFrame.new(-1.1645844, 0.147969633, -1.16923511, 0.195734724, -0.229630098, -0.953392923, -0.878515005, 0.390955955, -0.27452603, 0.435774267, 0.891304374, -0.125209868)},
			}
		},		{
			Time=0.20000000298023224,
			CFrames={
				{Name="Torso",CFrame=CFrame.new(0, 0.0100491047, 0, 0.989526153, -0.0802169591, -0.120013475, 0.0798676163, 0.996775508, -0.00772592146, 0.120246239, -0.00194018788, 0.992742181)},
				{Name="Left Leg",CFrame=CFrame.new(-0.812967002, -2.08722615, -0.233390525, 0.888528764, 0.401245862, 0.222527266, -0.43968007, 0.88323921, 0.163001359, -0.131141245, -0.242672205, 0.961203456)},
				{Name="Right Arm",CFrame=CFrame.new(1.86308539, 0.857356668, 0.461134493, -0.099219352, -0.992664874, -0.0690772235, 0.95533973, -0.0756093189, -0.285672754, 0.278354466, -0.0943365097, 0.955834508)},
				{Name="Head",CFrame=CFrame.new(-0.0438933, 1.50487435, 0.0231023785, 0.997352779, 0.0726473257, 0.00309468061, -0.0723994598, 0.996099234, -0.050442718, -0.00674717873, 0.0500851348, 0.998722196)},
				{Name="Right Leg",CFrame=CFrame.new(0.859835505, -2.02838778, -0.125271529, 0.882431924, -0.223328054, -0.414051294, 0.283830017, 0.954641759, 0.0899943858, 0.375172555, -0.196934119, 0.905793846)},
				{Name="Left Arm",CFrame=CFrame.new(-1.18483329, 0.126901209, -1.15199566, 0.274166584, -0.274865925, -0.921564519, -0.854349375, 0.370320648, -0.364621937, 0.44149664, 0.887305319, -0.133302063)},
			}
		},		{
			Time=0.23333333432674408,
			CFrames={
				{Name="Torso",CFrame=CFrame.new(0, 0.000506877899, 0, 0.986069858, -0.0556213632, -0.156756073, 0.0556435063, 0.998441696, -0.00425055809, 0.15674822, -0.0045311111, 0.987628222)},
				{Name="Left Leg",CFrame=CFrame.new(-0.833918571, -2.0964303, -0.239811793, 0.889904022, 0.416288167, 0.186480105, -0.447248608, 0.876655877, 0.177320704, -0.0896624178, -0.241201296, 0.966324151)},
				{Name="Right Leg",CFrame=CFrame.new(0.867683709, -2.03577566, -0.109170891, 0.879099965, -0.249896601, -0.405875355, 0.297722816, 0.952878594, 0.0581629463, 0.372215271, -0.171969384, 0.912075698)},
			}
		},		{
			Time=0.30000001192092896,
			CFrames={
				{Name="Torso",CFrame=CFrame.new(0, -0.0237085819, 0, 0.973199487, 0.0359781384, -0.227130637, -0.0336963311, 0.999335229, 0.01391696, 0.227480337, -0.00589050865, 0.973764837)},
				{Name="Left Leg",CFrame=CFrame.new(-0.848527074, -2.06406212, -0.273411483, 0.913514435, 0.390356004, 0.114514679, -0.406282574, 0.889725566, 0.208141133, -0.0206374675, -0.236665204, 0.971372008)},
				{Name="Right Arm",CFrame=CFrame.new(1.91119444, 0.623585045, 0.474985957, 0.0085879378, -0.999925494, -0.00866144896, 0.967813373, 0.0104902424, -0.251449913, 0.251522064, -0.00622330606, 0.967831492)},
				{Name="Head",CFrame=CFrame.new(0.0717024729, 1.47420275, -0.0179997515, 0.997222543, 0.0714525655, 0.0210117847, -0.0719268024, 0.997150362, 0.0227537639, -0.0193261355, -0.0242018811, 0.999520242)},
				{Name="Right Leg",CFrame=CFrame.new(0.844556451, -2.06828785, -0.101434201, 0.821638525, -0.283813983, -0.494327396, 0.348457098, 0.936402917, 0.0415544175, 0.451095998, -0.206394583, 0.868281901)},
				{Name="Left Arm",CFrame=CFrame.new(-1.17095983, 0.211780488, -1.20589578, 0.261470795, -0.225274101, -0.938554466, -0.853700101, 0.399735689, -0.333776891, 0.450365186, 0.888517082, -0.0877973214)},
			}
		},		{
			Time=0.36666667461395264,
			CFrames={
				{Name="Torso",CFrame=CFrame.new(0, -0.133247137, 0, 0.981831133, 0.0290014148, -0.187527418, -0.0228404962, 0.99912864, 0.0349316187, 0.188377082, -0.0300137307, 0.981638014)},
				{Name="Left Leg",CFrame=CFrame.new(-0.870358586, -2.06089306, -0.299797267, 0.913672328, 0.367589742, 0.173437789, -0.40231958, 0.878603876, 0.257281452, -0.0578090996, -0.304848313, 0.950644732)},
				{Name="Right Arm",CFrame=CFrame.new(1.91797972, 0.524536014, 0.487521619, -0.00482382253, -0.996761918, -0.0802613348, 0.960245311, 0.0177854933, -0.278589338, 0.279114842, -0.0784144327, 0.957050443)},
				{Name="Head",CFrame=CFrame.new(0.0405184925, 1.36556888, -0.0434873812, 0.999576867, 0.0230443012, -0.0177525878, -0.0225539859, 0.999371707, 0.0273416694, 0.0183714628, -0.0269297063, 0.999468505)},
				{Name="Right Leg",CFrame=CFrame.new(0.87839669, -2.06075287, -0.165134221, 0.819243968, -0.237416834, -0.521988988, 0.341148406, 0.933449149, 0.110859007, 0.460930586, -0.268896312, 0.845717132)},
				{Name="Left Arm",CFrame=CFrame.new(-1.21545362, 0.140345484, -1.1911788, 0.29814133, -0.238567293, -0.924228072, -0.87772131, 0.312002689, -0.363674968, 0.375122637, 0.919641078, -0.116374716)},
			}
		},		{
			Time=0.4333333373069763,
			CFrames={
				{Name="Torso",CFrame=CFrame.new(0, -0.221212864, 0, 0.996033251, -0.0267330762, -0.08487124, 0.0275711026, 0.999581814, 0.00871718302, 0.0846027061, -0.0110225976, 0.996353805)},
				{Name="Left Leg",CFrame=CFrame.new(-0.913935661, -2.07420588, -0.322677463, 0.899978995, 0.343476176, 0.268443644, -0.414129406, 0.865946829, 0.280415177, -0.13614206, -0.363538206, 0.921577692)},
				{Name="Right Arm",CFrame=CFrame.new(1.88622475, 0.48007375, 0.469459772, -0.0938606784, -0.98437041, -0.149012417, 0.939901769, -0.0382586904, -0.339294463, 0.328290462, -0.171903417, 0.928802848)},
				{Name="Head",CFrame=CFrame.new(0.0256878473, 1.27540863, -0.0253349692, 0.994402885, 0.104851089, 0.013007842, -0.105175033, 0.994076252, 0.0273938365, -0.0100585297, -0.0286086127, 0.999540091)},
				{Name="Right Leg",CFrame=CFrame.new(0.914591014, -2.06931853, -0.223537445, 0.844145656, -0.195637628, -0.499143183, 0.326539546, 0.926036298, 0.189283162, 0.425193906, -0.322772622, 0.845593333)},
				{Name="Left Arm",CFrame=CFrame.new(-1.23607731, 0.00566926599, -1.08663857, 0.335087925, -0.238763154, -0.91143173, -0.87174052, 0.288451821, -0.396059871, 0.357468903, 0.927247226, -0.111482903)},
			}
		},		{
			Time=0.5,
			CFrames={
				{Name="Torso",CFrame=CFrame.new(0.0137462616, -0.255716324, 0, 0.998423576, 0.0407405458, -0.0386083424, -0.0390683822, 0.998305798, 0.0431183837, 0.0402996019, -0.041542042, 0.998323679)},
				{Name="Left Leg",CFrame=CFrame.new(-0.920305252, -2.06619477, -0.226746693, 0.910050511, 0.28800869, 0.298092514, -0.351237059, 0.917697787, 0.18564193, -0.220092326, -0.273644596, 0.936310768)},
				{Name="Right Arm",CFrame=CFrame.new(1.90359974, 0.428723454, 0.35159716, -0.124557003, -0.982351542, -0.139538512, 0.960960269, -0.0844165534, -0.263494045, 0.247064456, -0.166911006, 0.954515576)},
				{Name="Right Leg",CFrame=CFrame.new(0.899832845, -2.08829474, -0.16840452, 0.848777115, -0.250954628, -0.465402395, 0.351216048, 0.925546944, 0.141455516, 0.395252943, -0.283520907, 0.873722434)},
				{Name="Left Arm",CFrame=CFrame.new(-1.21147859, 0.0368280113, -1.07582951, 0.261727124, -0.212967277, -0.941352129, -0.892927766, 0.316747636, -0.319923222, 0.366304308, 0.924291849, -0.107262976)},
			}
		},		{
			Time=0.5666666626930237,
			CFrames={
				{Name="Torso",CFrame=CFrame.new(0.0445575714, -0.169717312, 0, 0.994139791, 0.10779646, 0.00812283251, -0.107940927, 0.99395287, 0.0201616008, -0.00590036344, -0.0209202375, 0.999763727)},
				{Name="Left Leg",CFrame=CFrame.new(-0.89477849, -2.03104448, -0.147059947, 0.904777944, 0.269710064, 0.329595834, -0.317721963, 0.942825139, 0.100663356, -0.283601373, -0.195797771, 0.938740373)},
				{Name="Right Arm",CFrame=CFrame.new(1.96529853, 0.4535501, 0.304315507, -0.094087936, -0.993265092, -0.0676129237, 0.94054848, -0.0664195493, -0.333101779, 0.326367676, -0.0949341059, 0.940463603)},
				{Name="Head",CFrame=CFrame.new(0.156874031, 1.32360423, -0.0456866771, 0.99982363, 0.0090481583, -0.0164466649, -0.00822134688, 0.998732388, 0.049661532, 0.0168751553, -0.0495175757, 0.998630583)},
				{Name="Right Leg",CFrame=CFrame.new(0.895601332, -2.10069489, -0.10808365, 0.855120718, -0.289751589, -0.429898083, 0.341856092, 0.938555598, 0.0474069491, 0.389747053, -0.187501907, 0.901631951)},
				{Name="Left Arm",CFrame=CFrame.new(-1.17032003, 0.16193524, -1.08340836, 0.191184729, -0.18029739, -0.964852989, -0.877689064, 0.408681542, -0.250281632, 0.439442873, 0.894690931, -0.0801113993)},
			}
		},		{
			Time=0.6666666865348816,
			CFrames={
				{Name="Torso",CFrame=CFrame.new(0.0437808037, -0.0533883572, 0, 0.999355137, -0.00881525595, 0.0348074287, 0.00808846299, 0.999747455, 0.0209662989, -0.0349834636, -0.020671241, 0.999174058)},
				{Name="Left Leg",CFrame=CFrame.new(-0.822411954, -2.03922796, -0.0969582051, 0.872169971, 0.362349242, 0.328667581, -0.385442406, 0.922714829, 0.00555621739, -0.301253229, -0.131528363, 0.944429278)},
				{Name="Right Arm",CFrame=CFrame.new(1.98039448, 0.662090242, 0.250165731, -0.0212756954, -0.995611727, -0.0911272764, 0.980863035, -0.00314233941, -0.194672719, 0.193532199, -0.0935251713, 0.976625979)},
				{Name="Head",CFrame=CFrame.new(0.0671237111, 1.44478548, -0.0438743532, 0.997815967, 0.0643256083, 0.0150201339, -0.0649484545, 0.996850252, 0.0455112681, -0.0120452903, -0.0463874005, 0.998850763)},
				{Name="Right Leg",CFrame=CFrame.new(0.862856627, -2.07116532, -0.0535455272, 0.92477411, -0.277430028, -0.26043269, 0.294170231, 0.955375791, 0.0268441718, 0.241363764, -0.101436332, 0.965118647)},
				{Name="Left Arm",CFrame=CFrame.new(-1.23676848, 0.139224201, -1.04493105, 0.305740207, -0.192915007, -0.932366073, -0.852783322, 0.38000381, -0.3582699, 0.423418432, 0.904643893, -0.0483322479)},
			}
		},		{
			Time=0.7333333492279053,
			CFrames={
				{Name="Torso",CFrame=CFrame.new(0.0437808037, -0.0227899551, 0, 0.999875665, -0.000706331281, -0.0157524142, 0.00159520505, 0.998402119, 0.0564868525, 0.0156873446, -0.0565049574, 0.998279095)},
				{Name="Left Leg",CFrame=CFrame.new(-0.785816729, -2.03865194, -0.0807804093, 0.91853267, 0.346123338, 0.191040307, -0.351865172, 0.936041534, -0.00411540642, -0.180246085, -0.0634402707, 0.981573522)},
				{Name="Head",CFrame=CFrame.new(0.0279539805, 1.47468615, -0.0829348117, 0.999333799, -0.0302336514, 0.0204372555, 0.0291041657, 0.998145163, 0.0534707569, -0.022015959, -0.0528403334, 0.998360217)},
				{Name="Right Leg",CFrame=CFrame.new(0.85707891, -2.06439853, -0.0140896142, 0.911093712, -0.27107802, -0.310523361, 0.284002393, 0.958816111, -0.00373958424, 0.298748523, -0.0847822353, 0.950558424)},
			}
		},		{
			Time=0.800000011920929,
			CFrames={
				{Name="Torso",CFrame=CFrame.new(0.0437808037, -0.0533883572, 0, 0.995135307, 0.0109277619, -0.0979097039, -0.00395528227, 0.997459471, 0.0711263344, 0.0984382108, -0.0703930631, 0.99265039)},
				{Name="Left Leg",CFrame=CFrame.new(-0.79753685, -2.03618717, -0.0980323181, 0.924724221, 0.362507701, 0.116073281, -0.368034631, 0.929340005, 0.0296152756, -0.0971358493, -0.070104897, 0.992799044)},
				{Name="Right Arm",CFrame=CFrame.new(1.97317553, 0.63811022, 0.423447788, 0.0101453923, -0.99664849, 0.0811695457, 0.936682761, -0.0189426765, -0.349665761, 0.350031555, 0.0795776322, 0.933351517)},
				{Name="Head",CFrame=CFrame.new(0.0247614626, 1.44272256, -0.0916555151, 0.99820447, -0.0598885305, -0.00113900751, 0.0598827526, 0.997299612, 0.0425130576, -0.00141014904, -0.0425049067, 0.999095261)},
				{Name="Right Leg",CFrame=CFrame.new(0.86619252, -2.0778749, -0.0151626468, 0.878620505, -0.278284758, -0.388050646, 0.296685159, 0.954886258, -0.0130307972, 0.374170542, -0.103679694, 0.921545863)},
				{Name="Left Arm",CFrame=CFrame.new(-1.16232967, 0.110256046, -1.07419813, 0.287927985, -0.202181965, -0.936065972, -0.841431677, 0.4133102, -0.34809041, 0.45726338, 0.887860835, -0.0511187464)},
			}
		},		{
			Time=0.8666666746139526,
			CFrames={
				{Name="Torso",CFrame=CFrame.new(0.0437808037, -0.1595397, 0, 0.989645839, 0.0600666702, -0.130357429, -0.0488520563, 0.994958282, 0.0875868425, 0.134961262, -0.0803117231, 0.98759073)},
				{Name="Left Leg",CFrame=CFrame.new(-0.81849277, -2.0154438, -0.132009089, 0.929587901, 0.331000715, 0.1621878, -0.34562394, 0.935649276, 0.0714425892, -0.128103375, -0.122468129, 0.984170258)},
				{Name="Right Arm",CFrame=CFrame.new(1.90562367, 0.528879762, 0.50065738, -0.109842263, -0.987424314, 0.113698959, 0.915196955, -0.145100445, -0.375979006, 0.387748659, 0.0627584979, 0.919626057)},
				{Name="Head",CFrame=CFrame.new(0.091649361, 1.33451307, -0.107843585, 0.999053299, -0.0243914258, -0.0360208526, 0.0263225026, 0.998185992, 0.0541466027, 0.0346347764, -0.0550434887, 0.997883081)},
				{Name="Right Leg",CFrame=CFrame.new(0.85738498, -2.08864737, -0.0619970262, 0.860287607, -0.287661105, -0.420899153, 0.332024217, 0.942643583, 0.0343892127, 0.386865497, -0.169333264, 0.906455278)},
				{Name="Left Arm",CFrame=CFrame.new(-1.22663903, 0.0560197532, -0.972979784, 0.373945206, -0.278131366, -0.884764314, -0.806782722, 0.372987747, -0.458237439, 0.457456529, 0.885168076, -0.0849146396)},
			}
		},		{
			Time=0.9666666388511658,
			CFrames={
				{Name="Torso",CFrame=CFrame.new(0.0198144913, -0.341386795, 0, 0.995690525, 0.0653075352, 0.0658427924, -0.0708778799, 0.993757486, 0.0861535072, -0.0598052926, -0.0904490277, 0.994103789)},
				{Name="Left Leg",CFrame=CFrame.new(-0.91825211, -2.04614758, -0.289247513, 0.938621402, 0.162369102, 0.304345518, -0.249757811, 0.928456306, 0.274935335, -0.237930581, -0.334072828, 0.912022054)},
				{Name="Right Arm",CFrame=CFrame.new(1.90228021, 0.313586354, 0.286744654, -0.107286982, -0.942343175, 0.316983342, 0.760044038, -0.283273727, -0.584883511, 0.640954256, 0.178170919, 0.746614337)},
				{Name="Head",CFrame=CFrame.new(0.0838817209, 1.15159726, -0.1182715, 0.999750793, -0.00247212662, -0.0221877471, 0.00370209292, 0.998448312, 0.0555652753, 0.0220159292, -0.0556335822, 0.998208463)},
				{Name="Right Leg",CFrame=CFrame.new(0.823201716, -2.11646795, -0.248885021, 0.856512129, -0.319477141, -0.405365199, 0.429821312, 0.876314998, 0.217543364, 0.285727561, -0.360563219, 0.887892783)},
				{Name="Left Arm",CFrame=CFrame.new(-1.30542743, -0.0629577041, -0.758124411, 0.508735359, -0.284277469, -0.812634408, -0.772308052, 0.266409278, -0.576685369, 0.380432069, 0.920984328, -0.0840180069)},
			}
		},		{
			Time=1.0666667222976685,
			CFrames={
				{Name="Torso",CFrame=CFrame.new(0.0198144913, -0.197637081, 0, 0.997974694, 0.00330547872, 0.0635259897, -0.00835653301, 0.99680692, 0.0794113502, -0.0630606562, -0.0797813758, 0.994815707)},
				{Name="Left Leg",CFrame=CFrame.new(-0.899470448, -2.07137942, -0.180253133, 0.937283099, 0.178948984, 0.299127877, -0.243098989, 0.950598538, 0.193040907, -0.249806106, -0.253651619, 0.934482634)},
				{Name="Right Leg",CFrame=CFrame.new(0.817816257, -2.10230231, -0.1789556, 0.865275443, -0.288606644, -0.409883559, 0.377415597, 0.913193107, 0.15373826, 0.329932988, -0.287722349, 0.899088383)},
			}
		},		{
			Time=1.1333333253860474,
			CFrames={
				{Name="Torso",CFrame=CFrame.new(0.0198144913, -0.0649306774, 0, 0.997276425, -0.0380841754, 0.0631614849, 0.0362949036, 0.998913288, 0.0292384271, -0.0642063692, -0.0268663522, 0.997574925)},
				{Name="Left Leg",CFrame=CFrame.new(-0.876102805, -2.09000397, -0.159491599, 0.935623169, 0.189208686, 0.298009604, -0.23678264, 0.962513924, 0.132288575, -0.261808306, -0.194335714, 0.945351779)},
				{Name="Right Arm",CFrame=CFrame.new(1.76440132, 0.346416146, -0.0735048652, 0.535744965, -0.514082193, 0.669848442, 0.457376897, 0.843522251, 0.281560063, -0.709777117, 0.155528769, 0.687042296)},
				{Name="Right Leg",CFrame=CFrame.new(0.82752043, -2.09123588, -0.158831686, 0.871291161, -0.268639505, -0.410712481, 0.34626475, 0.929560006, 0.126562402, 0.347782314, -0.252487928, 0.902938128)},
			}
		},		{
			Time=1.2333333492279053,
			CFrames={
				{Name="Torso",CFrame=CFrame.new(0.0198144913, 0.0184845924, 0, 0.999767363, -0.00902869459, 0.0195914172, 0.00931854546, 0.99984771, -0.0147542395, -0.0194552243, 0.0149333691, 0.999699235)},
				{Name="Left Leg",CFrame=CFrame.new(-0.863325834, -2.07429266, -0.198085696, 0.945212007, 0.234126866, 0.22750555, -0.266484678, 0.955902398, 0.123434849, -0.188573748, -0.177298844, 0.965921879)},
				{Name="Right Arm",CFrame=CFrame.new(1.79328597, 0.172036648, 0.0282153189, 0.618667722, -0.262338609, 0.740559757, -0.0379317626, 0.931531072, 0.361677468, -0.784736514, -0.251848936, 0.566357315)},
				{Name="Head",CFrame=CFrame.new(-0.00397991017, 1.51807785, 0.00877414923, 0.999560118, -0.0295235347, -0.00281206518, 0.0295558199, 0.999488294, 0.0122294603, 0.00244955905, -0.0123071913, 0.999921322)},
				{Name="Right Leg",CFrame=CFrame.new(0.834236801, -2.00281262, -0.113061219, 0.857417524, -0.262093902, -0.44287926, 0.3222076, 0.944443047, 0.0648792684, 0.401269764, -0.198327661, 0.894230843)},
				{Name="Left Arm",CFrame=CFrame.new(-1.87615442, 0.82468468, 0.175162807, 0.517469823, 0.855502129, 0.0184642412, -0.84857887, 0.515821099, -0.117652796, -0.110176459, 0.045213379, 0.992883086)},
			}
		},		{
			Time=1.2999999523162842,
			CFrames={
				{Name="Torso",CFrame=CFrame.new(0.0198144913, -0.0480010509, 0, 0.998722911, -0.0314879455, 0.0395114981, 0.0327217802, 0.998984277, -0.0309790671, -0.0384958945, 0.0322323889, 0.998738766)},
				{Name="Left Leg",CFrame=CFrame.new(-0.902682364, -2.10142159, -0.15704599, 0.917121887, 0.321085244, 0.236203521, -0.354336321, 0.928124785, 0.114148676, -0.182574913, -0.188383713, 0.964975595)},
				{Name="Right Arm",CFrame=CFrame.new(1.68480659, 0.137193412, -0.331136435, 0.489042938, -0.278559685, 0.826584339, -0.00678871572, 0.946391106, 0.322951227, -0.872233391, -0.163548484, 0.460934907)},
				{Name="Head",CFrame=CFrame.new(-0.0384843946, 1.45026469, 0.0331709012, 0.998309612, -0.0536118187, -0.0224457532, 0.0535556711, 0.998560071, -0.00309532508, 0.0225793794, 0.00188799761, 0.999743283)},
				{Name="Right Leg",CFrame=CFrame.new(0.859587073, -2.02005672, -0.096226275, 0.852467954, -0.307419091, -0.422838241, 0.346203804, 0.938022792, 0.0159906559, 0.391716123, -0.160019696, 0.906064153)},
				{Name="Left Arm",CFrame=CFrame.new(-1.7755419, 0.873918116, 0.31863606, -0.0553788655, 0.996599317, 0.0610146821, -0.913685203, -0.025939906, -0.405593514, -0.402631521, -0.0782095119, 0.912014842)},
			}
		},		{
			Time=1.3666666746139526,
			CFrames={
				{Name="Torso",CFrame=CFrame.new(0, 0, 0, 1, 0, 0, 0, 1, 0, 0, 0, 1)},
				{Name="Left Leg",CFrame=CFrame.new(-0.992095828, -1.94576156, -0.206132933, 0.896685243, 0.414565951, 0.155211136, -0.430395842, 0.898467302, 0.0866916627, -0.103512712, -0.144537374, 0.984070182)},
				{Name="Right Arm",CFrame=CFrame.new(1.62977886, 0.153334528, -0.562107921, 0.453549117, -0.0782083645, 0.887793183, 0.283893764, 0.956930041, -0.0607347041, -0.844806254, 0.279585123, 0.456217825)},
				{Name="Head",CFrame=CFrame.new(-0.00353221269, 1.49603713, 0.0627313852, 0.997981966, -0.00705584232, -0.0631044507, -0.000932253839, 0.992071807, -0.125668973, 0.0634908527, 0.125474215, 0.99006325)},
				{Name="Right Leg",CFrame=CFrame.new(0.841289878, -1.86181903, -0.105270475, 0.858095586, -0.308490843, -0.410494059, 0.379328072, 0.919641912, 0.101824902, 0.346095622, -0.243087471, 0.906160116)},
				{Name="Left Arm",CFrame=CFrame.new(-1.7632668, 0.964762986, 0.333213985, -0.249046028, 0.967363894, 0.0467226505, -0.918000877, -0.220414117, -0.329684436, -0.308626592, -0.124998011, 0.942934453)},
			}
		},		{
			Time=1.4333332777023315,
			CFrames={
				{Name="Torso",CFrame=CFrame.new(0, 0, 0, 1, 0, 0, 0, 1, 0, 0, 0, 1)},
				{Name="Left Leg",CFrame=CFrame.new(-1.00124288, -1.93499672, -0.285250425, 0.878175557, 0.466741949, 0.104688294, -0.472487569, 0.880530536, 0.0376958884, -0.0745869875, -0.0825675204, 0.993790329)},
				{Name="Right Leg",CFrame=CFrame.new(0.957270622, -1.83890092, -0.211764351, 0.86350739, -0.348311722, -0.364737928, 0.422924161, 0.894089937, 0.147437483, 0.274754375, -0.281569868, 0.919363022)},
			}
		},		{
			Time=1.4666666984558105,
			CFrames={
				{Name="Torso",CFrame=CFrame.new(0.0198144913, -0.273814678, 0, 0.993279457, 0.00813717954, 0.115454555, -0.0176087953, 0.996537626, 0.081256628, -0.114393614, -0.0827435479, 0.989983618)},
				{Name="Left Leg",CFrame=CFrame.new(-1.03409648, -2.18239927, -0.0710833669, 0.846376359, 0.489075333, 0.210835904, -0.512503922, 0.855606496, 0.0726385489, -0.144866914, -0.169533774, 0.974818707)},
				{Name="Right Arm",CFrame=CFrame.new(1.45909739, 0.114481509, -1.18185091, 0.402454078, 0.0459603071, 0.914285898, 0.843964398, 0.368259072, -0.390011698, -0.354619086, 0.928586602, 0.109418467)},
				{Name="Head",CFrame=CFrame.new(0.0538471565, 1.22193074, -0.0717257261, 0.997499228, 0.051800359, 0.0480867773, -0.0506648645, 0.998414159, -0.0245400518, -0.0492817387, 0.0220423937, 0.998541713)},
				{Name="Right Leg",CFrame=CFrame.new(0.962342083, -2.08820438, -0.241367638, 0.898474216, -0.37592411, -0.226770461, 0.426339239, 0.870379984, 0.246318892, 0.104779288, -0.317992359, 0.942285597)},
				{Name="Left Arm",CFrame=CFrame.new(-1.67098713, 0.551560044, 0.618323326, -0.155750513, 0.934726954, 0.319416642, -0.97705555, -0.0982240885, -0.188982427, -0.145272613, -0.341521859, 0.928578854)},
			}
		},		{
			Time=1.5333333015441895,
			CFrames={
				{Name="Torso",CFrame=CFrame.new(0.0198144913, -0.285783291, 0, 0.987175524, 0.001856355, 0.159627751, -0.0240904316, 0.990213573, 0.137465447, -0.157810375, -0.139548033, 0.977559328)},
				{Name="Left Leg",CFrame=CFrame.new(-1.02857494, -2.17448783, -0.0374000371, 0.845476329, 0.478768677, 0.236538172, -0.497390985, 0.867233753, 0.0225241631, -0.194350094, -0.136695579, 0.971361101)},
				{Name="Right Arm",CFrame=CFrame.new(1.42541969, 0.135452777, -1.20042443, 0.409087449, 0.0680390149, 0.909955084, 0.87116617, 0.267595649, -0.411657631, -0.271508783, 0.96112597, 0.0501967371)},
				{Name="Head",CFrame=CFrame.new(0.0587307215, 1.20261931, -0.118734673, 0.997071922, 0.0741330981, 0.0187522024, -0.0732698441, 0.996378064, -0.0431561023, -0.0218835473, 0.0416557491, 0.998892307)},
				{Name="Right Leg",CFrame=CFrame.new(0.964256585, -2.11395741, -0.23289983, 0.897606075, -0.399352014, -0.186603978, 0.436595857, 0.863771379, 0.25156045, 0.0607220829, -0.307272732, 0.949682236)},
				{Name="Left Arm",CFrame=CFrame.new(-1.77303624, 0.522291362, 0.610595107, -0.0849580169, 0.953913629, 0.287802994, -0.991974533, -0.0538307503, -0.114405677, -0.0936405063, -0.295212865, 0.950831592)},
			}
		},		{
			Time=1.6666666269302368,
			CFrames={
				{Name="Torso",CFrame=CFrame.new(-0.00501346588, -0.146711588, 0, 0.981852233, 0.0450570025, 0.184217349, -0.0582873598, 0.996046066, 0.0670443177, -0.180468127, -0.0765651539, 0.980596244)},
				{Name="Left Leg",CFrame=CFrame.new(-1.0691911, -2.15765452, -0.082647562, 0.880322754, 0.409820318, 0.238912269, -0.435760796, 0.897649407, 0.0658612102, -0.187468246, -0.162087664, 0.968805015)},
				{Name="Right Arm",CFrame=CFrame.new(1.40990674, 0.201627374, -1.23767388, 0.4813537, 0.107625, 0.869893909, 0.812402964, 0.317826807, -0.488863319, -0.329089612, 0.942020476, 0.0655522645)},
				{Name="Head",CFrame=CFrame.new(0.0313123055, 1.34925842, -0.0771400258, 0.998630881, -0.0174464248, 0.0493155718, 0.0173704401, 0.999847233, 0.00196925551, -0.049342379, -0.00110993534, 0.998781204)},
				{Name="Right Leg",CFrame=CFrame.new(0.914431274, -2.09049273, -0.151646808, 0.896121919, -0.409642041, -0.170759246, 0.433234751, 0.890914679, 0.13630271, 0.0962965935, -0.196122646, 0.975839436)},
				{Name="Left Arm",CFrame=CFrame.new(-1.83127332, 0.606590807, 0.728130996, 0.0364982672, 0.944761515, 0.325719297, -0.97476542, 0.105484895, -0.196736455, -0.220227569, -0.310319364, 0.924771011)},
			}
		},		{
			Time=1.7333333492279053,
			CFrames={
				{Name="Torso",CFrame=CFrame.new(-0.00501346588, -0.108244896, 0, 0.986308038, -0.00380616542, 0.164869532, -0.00782394875, 0.997527897, 0.0698344782, -0.164727762, -0.0701682419, 0.983839989)},
				{Name="Left Leg",CFrame=CFrame.new(-1.05283785, -2.1472044, -0.0457970798, 0.869253993, 0.442995191, 0.219436765, -0.458101839, 0.88865912, 0.020666562, -0.185849369, -0.118488878, 0.975407779)},
				{Name="Right Arm",CFrame=CFrame.new(1.39034534, 0.263611794, -1.21891952, 0.508564174, 0.101127438, 0.855064809, 0.792270601, 0.33389619, -0.510705769, -0.337149322, 0.937169194, 0.0896873474)},
				{Name="Head",CFrame=CFrame.new(0.0204260014, 1.38839757, -0.0648001879, 0.997790754, 0.0585041493, 0.0314820558, -0.0581313223, 0.998229027, -0.0126307309, -0.0321652442, 0.0107727423, 0.999424517)},
				{Name="Right Leg",CFrame=CFrame.new(0.919081926, -2.10233068, -0.144616947, 0.88673681, -0.420931697, -0.191087216, 0.445686519, 0.888198435, 0.111654043, 0.122724622, -0.18417269, 0.975201964)},
				{Name="Left Arm",CFrame=CFrame.new(-1.81987453, 0.589938641, 0.699450791, 0.0187268294, 0.944449544, 0.328122318, -0.971293926, 0.0950241983, -0.218078196, -0.237143487, -0.314619243, 0.919117689)},
			}
		},		{
			Time=1.7999999523162842,
			CFrames={
				{Name="Torso",CFrame=CFrame.new(-0.00501346588, -0.117488623, 0, 0.987449229, -0.0442430303, 0.151612908, 0.033691898, 0.996873617, 0.071469292, -0.154300928, -0.0654641613, 0.985852778)},
				{Name="Left Leg",CFrame=CFrame.new(-1.03284526, -2.14587879, -0.0578696132, 0.865777194, 0.445957869, 0.227048993, -0.462494224, 0.886331856, 0.0226830989, -0.191125154, -0.124647357, 0.973619223)},
				{Name="Right Arm",CFrame=CFrame.new(1.38834918, 0.270073593, -1.20856762, 0.453970015, 0.062908262, 0.888793588, 0.819363952, 0.36244154, -0.444160819, -0.350077033, 0.929880917, 0.112992898)},
				{Name="Head",CFrame=CFrame.new(-0.00811727438, 1.37755239, -0.053817708, 0.996405244, 0.0822915286, 0.0201160014, -0.0817796215, 0.996335149, -0.0250686184, -0.0221051648, 0.0233334452, 0.999483407)},
				{Name="Right Leg",CFrame=CFrame.new(0.910037994, -2.08679152, -0.137247562, 0.882813811, -0.39544037, -0.25350818, 0.436780363, 0.88963306, 0.133324713, 0.172807366, -0.228428274, 0.958101273)},
				{Name="Left Arm",CFrame=CFrame.new(-1.82422936, 0.546717048, 0.621983051, 0.0398185961, 0.951462209, 0.305177927, -0.985402763, 0.0879844055, -0.14573966, -0.165516734, -0.294920027, 0.941077292)},
			}
		},		{
			Time=1.8666666746139526,
			CFrames={
				{Name="Torso",CFrame=CFrame.new(-0.00501346588, -0.169916868, 0, 0.996047139, 0.0096796602, 0.0882971287, -0.0140927657, 0.998674989, 0.0494945422, -0.0877010375, -0.0505432487, 0.994863749)},
				{Name="Left Leg",CFrame=CFrame.new(-1.03087234, -2.12843752, -0.104273677, 0.877985179, 0.418986917, 0.231499374, -0.451157212, 0.885930598, 0.107628539, -0.159997463, -0.198938847, 0.966862977)},
				{Name="Right Arm",CFrame=CFrame.new(1.40140712, 0.169813007, -1.12394404, 0.486474514, 0.10351295, 0.867541075, 0.803959668, 0.335693628, -0.490875095, -0.342040122, 0.936266243, 0.0800861865)},
				{Name="Head",CFrame=CFrame.new(0.0181254148, 1.32851958, -0.0582560599, 0.999082983, 0.026929073, 0.0332880281, -0.0274233054, 0.99951911, 0.0144807808, -0.0328820497, -0.0153803751, 0.999340892)},
				{Name="Right Leg",CFrame=CFrame.new(0.91025722, -2.07973003, -0.164710388, 0.889804661, -0.394912839, -0.228673637, 0.433590412, 0.887885153, 0.153814644, 0.142292589, -0.236015648, 0.961274803)},
				{Name="Left Arm",CFrame=CFrame.new(-1.84451723, 0.558636606, 0.508597255, 0.03971719, 0.970017552, 0.239766538, -0.983891547, 0.0798224807, -0.159954831, -0.174297839, -0.229551286, 0.957562745)},
			}
		},		{
			Time=1.9666666984558105,
			CFrames={
				{Name="Torso",CFrame=CFrame.new(-0.00501346588, -0.249101639, 0, 0.999957681, -0.000437734037, 0.00919086579, -2.39070796e-05, 0.998740792, 0.0501681715, -0.0092012519, -0.0501662642, 0.998698473)},
				{Name="Left Leg",CFrame=CFrame.new(-1.03178585, -2.13686943, -0.164091676, 0.86702764, 0.435002625, 0.242972866, -0.48346895, 0.852416754, 0.199105695, -0.120502651, -0.290099919, 0.949379146)},
				{Name="Right Arm",CFrame=CFrame.new(1.45170379, 0.0984443128, -1.02499926, 0.511166036, 0.0930348188, 0.854431808, 0.789969683, 0.340798676, -0.509709358, -0.338610023, 0.935521483, 0.100710064)},
				{Name="Head",CFrame=CFrame.new(0.0167236309, 1.24906588, -0.059279114, 0.999004483, 0.0443587042, 0.00476470403, -0.044437632, 0.998850286, 0.0179821514, -0.00396156032, -0.018175967, 0.999827027)},
				{Name="Right Leg",CFrame=CFrame.new(0.908332586, -2.09317875, -0.171680987, 0.884683967, -0.356915891, -0.299908906, 0.419846743, 0.889612913, 0.17976965, 0.202640265, -0.284955055, 0.936876357)},
				{Name="Left Arm",CFrame=CFrame.new(-1.87796891, 0.429262519, 0.441802353, 0.043616958, 0.985579669, 0.163493171, -0.938270211, 0.0966195539, -0.332134992, -0.343142241, -0.138913989, 0.928954303)},
			}
		},		{
			Time=2.0333333015441895,
			CFrames={
				{Name="Torso",CFrame=CFrame.new(-0.00501346588, -0.230865955, 0, 0.995419502, -0.0713478625, 0.0636351332, 0.0678828955, 0.996173561, 0.0550466329, -0.0673190951, -0.0504747592, 0.996453941)},
				{Name="Left Leg",CFrame=CFrame.new(-0.997289002, -2.14873052, -0.160410702, 0.851636827, 0.429472744, 0.300445795, -0.491544247, 0.853412926, 0.173407376, -0.181930661, -0.295362532, 0.937902927)},
				{Name="Right Arm",CFrame=CFrame.new(1.43614459, 0.188647151, -1.09366512, 0.541332722, 0.0825931132, 0.836741984, 0.772256553, 0.344739586, -0.533642232, -0.3325333, 0.93505764, 0.122835815)},
				{Name="Head",CFrame=CFrame.new(-0.0336375758, 1.26341665, -0.0583354831, 0.996294677, 0.0854579806, 0.00967918336, -0.0855961889, 0.996218562, 0.0148990788, -0.00836934149, -0.0156723745, 0.999842167)},
				{Name="Right Leg",CFrame=CFrame.new(0.917712569, -2.08644772, -0.208245054, 0.879874468, -0.336446702, -0.335595489, 0.416415691, 0.886131823, 0.203391552, 0.228951424, -0.318706214, 0.919786692)},
				{Name="Left Arm",CFrame=CFrame.new(-1.85921049, 0.380457222, 0.493900865, 0.0032549724, 0.987511277, 0.157513738, -0.945799708, 0.0541907176, -0.320196807, -0.324733794, -0.147934213, 0.934164703)},
			}
		},		{
			Time=2.0999999046325684,
			CFrames={
				{Name="Torso",CFrame=CFrame.new(-0.00501346588, -0.148001909, 0, 0.998026788, -0.0330918022, 0.05336155, 0.0302878432, 0.998160183, 0.0525254644, -0.0550015345, -0.0508056171, 0.99719286)},
				{Name="Left Leg",CFrame=CFrame.new(-0.984303176, -2.13738108, -0.118403405, 0.860910833, 0.421424687, 0.285015821, -0.468410373, 0.875217795, 0.120769098, -0.198555857, -0.237475738, 0.950884163)},
				{Name="Head",CFrame=CFrame.new(-0.0357261673, 1.35009325, -0.0584921353, 0.999981105, 0.0047687823, -0.00389694795, -0.00470844377, 0.999871135, 0.0153463855, 0.00396962464, -0.0153277628, 0.999874651)},
				{Name="Right Leg",CFrame=CFrame.new(0.899472713, -2.08483291, -0.164120212, 0.880907357, -0.354715794, -0.31333527, 0.415538222, 0.896569967, 0.153263867, 0.226561919, -0.265213996, 0.937193274)},
				{Name="Left Arm",CFrame=CFrame.new(-1.8700161, 0.477880716, 0.509381056, 0.0432519615, 0.977397919, 0.206935808, -0.932377696, 0.113895617, -0.343073428, -0.358888388, -0.17810373, 0.916230381)},
			}
		},		{
			Time=2.1666667461395264,
			CFrames={
				{Name="Torso",CFrame=CFrame.new(-0.0259628296, -0.0391170979, 0, 0.996524453, -0.073676534, 0.03886934, 0.0715411529, 0.995989323, 0.0537321791, -0.0426722504, -0.0507646725, 0.997798562)},
				{Name="Left Leg",CFrame=CFrame.new(-0.963709176, -2.14016843, -0.075833872, 0.853759408, 0.444550782, 0.27105248, -0.475467622, 0.877824903, 0.0579114296, -0.212192059, -0.178319067, 0.960820854)},
				{Name="Right Arm",CFrame=CFrame.new(1.47356391, 0.412227988, -1.03381979, 0.553083777, -0.00197269768, 0.833123565, 0.792140245, 0.311033905, -0.525139689, -0.258093715, 0.950396538, 0.173590466)},
				{Name="Head",CFrame=CFrame.new(-0.104892582, 1.45677006, -0.0593585894, 0.999809563, -0.010496676, -0.0164529234, 0.0107756611, 0.999798119, 0.0169607475, 0.0162715614, -0.0171348229, 0.999720752)},
				{Name="Right Leg",CFrame=CFrame.new(0.900384724, -2.03283644, -0.154439583, 0.847354174, -0.331345946, -0.414971113, 0.399850965, 0.912346482, 0.0879883096, 0.349442959, -0.240483686, 0.905569911)},
				{Name="Left Arm",CFrame=CFrame.new(-1.9207437, 0.498542011, 0.502210498, 0.0855354369, 0.973358631, 0.212735921, -0.91572237, 0.160937905, -0.368172884, -0.39260155, -0.163315177, 0.905092299)},
			}
		},		{
			Time=2.2333333492279053,
			CFrames={
				{Name="Torso",CFrame=CFrame.new(-0.0702490807, -0.0506896973, 0, 0.99489522, -0.0903384835, 0.0449722782, 0.0878289044, 0.994618177, 0.0549615212, -0.0496953875, -0.050731089, 0.997475147)},
				{Name="Left Leg",CFrame=CFrame.new(-0.977916002, -2.09431076, -0.114883617, 0.823312879, 0.43857193, 0.360292226, -0.477004677, 0.878662467, 0.0204484686, -0.307607204, -0.188696593, 0.932615161)},
				{Name="Head",CFrame=CFrame.new(-0.155082911, 1.44382679, -0.0591363534, 0.999898374, 0.01101809, -0.00906743109, -0.0108640185, 0.999798775, 0.0168653615, 0.009251412, -0.0167651363, 0.999816597)},
				{Name="Right Leg",CFrame=CFrame.new(0.877494693, -1.97698963, -0.113540106, 0.858598471, -0.239530772, -0.453247845, 0.281034887, 0.959361851, 0.0253709946, 0.428751647, -0.149161935, 0.891023219)},
				{Name="Left Arm",CFrame=CFrame.new(-1.94250119, 0.493099272, 0.515228033, 0.032636568, 0.979523003, 0.198669374, -0.919067442, 0.107522197, -0.37914893, -0.392746419, -0.170216352, 0.903756797)},
			}
		},		{
			Time=2.3333332538604736,
			CFrames={
				{Name="Torso",CFrame=CFrame.new(-0.0926952362, -0.108679771, 0, 0.997962058, -0.0464018732, 0.0438022912, 0.0440628342, 0.997625411, 0.0529345237, -0.0461545363, -0.0508965924, 0.997636855)},
				{Name="Left Leg",CFrame=CFrame.new(-1.06932199, -2.13591719, -0.136452168, 0.850007951, 0.466619462, 0.244443119, -0.505263567, 0.853447378, 0.127811626, -0.148979992, -0.232149094, 0.961203277)},
				{Name="Right Arm",CFrame=CFrame.new(1.4043566, 0.329304844, -1.03247261, 0.560066521, 0.0176393688, 0.828259885, 0.794386208, 0.272295147, -0.542960346, -0.235108614, 0.962051988, 0.138491005)},
				{Name="Head",CFrame=CFrame.new(-0.111620001, 1.38812089, -0.0592048541, 0.996313155, 0.0549624972, -0.0658735931, -0.0537402928, 0.998351276, 0.0201855041, 0.0668743998, -0.0165710412, 0.997623861)},
				{Name="Right Leg",CFrame=CFrame.new(0.758736968, -2.10034013, -0.177317441, 0.750165761, -0.200599462, -0.630088031, 0.31195417, 0.947533607, 0.0697401911, 0.583040059, -0.24887526, 0.773385763)},
				{Name="Left Arm",CFrame=CFrame.new(-1.99202693, 0.536520541, 0.373070419, 0.00774386153, 0.988935709, 0.148140758, -0.948741138, 0.0540751815, -0.311392725, -0.315958232, -0.13813585, 0.938663304)},
			}
		},		{
			Time=2.433333396911621,
			CFrames={
				{Name="Torso",CFrame=CFrame.new(-0.0926952362, -0.256717205, 0, 0.998971045, 0.0335629657, -0.0305026714, -0.0321521163, 0.998441219, 0.0456226952, 0.0319863558, -0.0445950218, 0.998492956)},
				{Name="Left Leg",CFrame=CFrame.new(-1.09797502, -2.14817548, -0.220964074, 0.835217476, 0.446559548, 0.3209306, -0.515765309, 0.838575423, 0.175434053, -0.190782815, -0.312050283, 0.930712879)},
				{Name="Right Arm",CFrame=CFrame.new(1.45729792, 0.186998695, -0.999943614, 0.544297814, -0.0238704756, 0.838552296, 0.812033176, 0.265905797, -0.519515097, -0.210574955, 0.963703394, 0.164115503)},
				{Name="Head",CFrame=CFrame.new(-0.0670193285, 1.24165356, -0.0472734571, 0.999726534, -0.0157684572, -0.0172739252, 0.0158578511, 0.999861538, 0.00504987314, 0.0171919055, -0.00532241166, 0.999838114)},
				{Name="Right Leg",CFrame=CFrame.new(0.762769699, -2.12829971, -0.274663508, 0.738816381, -0.184025705, -0.648293853, 0.349697798, 0.92702961, 0.135378703, 0.576074541, -0.326726884, 0.749258101)},
				{Name="Left Arm",CFrame=CFrame.new(-1.95277441, 0.532828867, 0.243981764, -0.052672565, 0.994722784, 0.0880448222, -0.949071884, -0.0224395767, -0.314259142, -0.310625136, -0.100113675, 0.945245564)},
			}
		},		{
			Time=2.5333333015441895,
			CFrames={
				{Name="Torso",CFrame=CFrame.new(-0.134310722, -0.191550016, 0, 0.998936594, -0.0415770672, -0.0199262165, 0.0423959307, 0.998192072, 0.042604614, 0.0181188025, -0.0434040949, 0.998893261)},
				{Name="Left Leg",CFrame=CFrame.new(-1.09556007, -2.15784144, -0.215289935, 0.818028927, 0.449913412, 0.358338714, -0.529253423, 0.832723618, 0.162670001, -0.225209773, -0.322720796, 0.91931051)},
				{Name="Right Arm",CFrame=CFrame.new(1.39734983, 0.211164445, -1.01947796, 0.560584068, -0.00227571651, 0.828094602, 0.800337195, 0.258240819, -0.541083694, -0.212616563, 0.966077805, 0.146586984)},
				{Name="Head",CFrame=CFrame.new(-0.141075641, 1.3053956, -0.0490913466, 0.99756974, 0.0696305111, -0.00251468085, -0.0695971027, 0.997508287, 0.0115546174, 0.00331293978, -0.0113515202, 0.999929965)},
