return {
	Name="CaliforniaGirlsEmote",
	Time=9.66666666666666,
	Animations={
		{
			Time=0,
			CFrames={
				{Name="Torso",CFrame=CFrame.new(0, -0.27169466, 0, 0.993873656, 0.0687239394, -0.0865577087, -0.0684264675, 0.997635603, 0.00640248088, 0.0867930576, -0.000440417789, 0.996226251)},{Name="Left Leg",CFrame=CFrame.new(-0.837804377, -1.85401869, -0.196124792, 0.921680152, 0.2096266, 0.326439142, -0.294151485, 0.926232755, 0.235727057, -0.252944052, -0.313287526, 0.915352464)},{Name="Right Arm",CFrame=CFrame.new(1.8558743, 1.05876017, 0.3264319, -0.294802159, -0.955506265, 0.00996208191, 0.886342168, -0.277328759, -0.370790869, 0.357055962, -0.100480095, 0.928662598)},{Name="Head",CFrame=CFrame.new(-0.043338377, 1.49808002, -0.00620077923, 0.991776824, -0.0866767541, 0.0941595212, 0.0851043984, 0.996159077, 0.0205957554, -0.0955830514, -0.0124130026, 0.995344102)},{Name="Right Leg",CFrame=CFrame.new(0.974267304, -1.78043604, -0.25953722, 0.885651469, -0.392817259, -0.247620896, 0.430638462, 0.894301772, 0.121549673, 0.173700958, -0.214285702, 0.961202085)},{Name="Left Arm",CFrame=CFrame.new(-1.30687749, 0.221713513, -0.998863101, 0.255116552, -0.124152489, -0.958906591, -0.880613089, 0.379706681, -0.283448398, 0.399294108, 0.916738093, -0.0124608576)}
			}
		},{
			Time=0.06666667014360428,
			CFrames={
				{Name="Torso",CFrame=CFrame.new(0, -0.0985913277, 0, 0.993407726, 0.0337054729, -0.109567329, -0.0334856883, 0.999431789, 0.0038458542, 0.109634705, -0.000151563698, 0.993971944)},{Name="Left Leg",CFrame=CFrame.new(-0.872020185, -1.99532008, -0.160137504, 0.900332391, 0.27487269, 0.33741194, -0.358425111, 0.908073723, 0.21664013, -0.246846497, -0.315985024, 0.916089714)},{Name="Right Arm",CFrame=CFrame.new(1.9230963, 0.949789703, 0.268803179, -0.151367813, -0.987455249, 0.0449423566, 0.930833638, -0.157692522, -0.32966888, 0.332620442, -0.00806739181, 0.943026304)},{Name="Right Leg",CFrame=CFrame.new(0.908362031, -1.97706866, -0.251812756, 0.904285371, -0.348847032, -0.246116966, 0.382215887, 0.918351948, 0.102666117, 0.190207213, -0.186909243, 0.963787317)},{Name="Left Arm",CFrame=CFrame.new(-1.29116011, 0.176262796, -1.01575065, 0.18923001, -0.0897027403, -0.977827013, -0.865368605, 0.455363154, -0.209240481, 0.464035809, 0.885775149, 0.00854244083)}
			}
		},{
			Time=0.13333334028720856,
			CFrames={
				{Name="Torso",CFrame=CFrame.new(0, -0.0163230896, 0, 0.989902079, -0.0423373319, -0.13528271, 0.042122297, 0.999102473, -0.00445280271, 0.135349825, -0.00129057898, 0.990797043)},{Name="Left Leg",CFrame=CFrame.new(-0.970935881, -2.01523066, -0.12508668, 0.850490451, 0.386209488, 0.357082725, -0.467547804, 0.866096139, 0.176850483, -0.240966707, -0.317362845, 0.917178214)},{Name="Right Arm",CFrame=CFrame.new(1.97110009, 0.795603275, 0.247232437, -0.0285538509, -0.999518692, 0.0121142492, 0.953767002, -0.0308702067, -0.298956871, 0.299187064, 0.00301778316, 0.954189777)},{Name="Head",CFrame=CFrame.new(0.0572002791, 1.49666667, -0.00708854711, 0.982236803, 0.114402466, 0.14873752, -0.115238644, 0.99333322, -0.00301292096, -0.148090601, -0.0141809089, 0.988872111)},{Name="Right Leg",CFrame=CFrame.new(0.771742284, -2.08922839, -0.232161433, 0.93845582, -0.248437464, -0.239956945, 0.280101597, 0.953891993, 0.107854515, 0.202097997, -0.168429047, 0.964773536)},{Name="Left Arm",CFrame=CFrame.new(-1.30415988, 0.214959666, -1.00165808, 0.215735108, -0.0902054608, -0.972276449, -0.886575937, 0.399176747, -0.233753949, 0.409196198, 0.912425876, 0.00614243001)}
			}
		},{
			Time=0.20000000298023224,
			CFrames={
				{Name="Torso",CFrame=CFrame.new(0, 0.0100491047, 0, 0.989526153, -0.0802169591, -0.120013475, 0.0798676163, 0.996775508, -0.00772592146, 0.120246239, -0.00194018788, 0.992742181)},{Name="Left Leg",CFrame=CFrame.new(-1.00002086, -2.02484608, -0.11792624, 0.828337014, 0.438405067, 0.348796189, -0.509283006, 0.84867537, 0.142760396, -0.233427942, -0.295889705, 0.926261663)},{Name="Right Arm",CFrame=CFrame.new(1.96669388, 0.694229662, 0.227646112, 0.0115916468, -0.99965018, 0.0237657949, 0.959678352, 0.0044460739, -0.281064957, 0.28086102, 0.0260654688, 0.959394574)},{Name="Head",CFrame=CFrame.new(0.0787325203, 1.4934814, 0.0166535918, 0.980313003, 0.157465041, 0.119126126, -0.152157545, 0.986962676, -0.0524660274, -0.125834629, 0.0333071835, 0.991491973)},{Name="Right Leg",CFrame=CFrame.new(0.672961235, -2.10059452, -0.211805388, 0.940971375, -0.168424591, -0.293608636, 0.211400911, 0.969860435, 0.121160731, 0.264353037, -0.176077917, 0.948216259)},{Name="Left Arm",CFrame=CFrame.new(-1.30161393, 0.213754147, -1.00234151, 0.256148458, -0.135715276, -0.957062721, -0.874444008, 0.389453948, -0.289262503, 0.411989331, 0.910992026, -0.0189173892)}
			}
		},{
			Time=0.23333333432674408,
			CFrames={
				{Name="Torso",CFrame=CFrame.new(0, 0.000506877899, 0, 0.986069858, -0.0556213632, -0.156756073, 0.0556435063, 0.998441696, -0.00425055809, 0.15674822, -0.0045311111, 0.987628222)},{Name="Left Leg",CFrame=CFrame.new(-0.97657299, -2.04619908, -0.0972099304, 0.838566661, 0.421461552, 0.345218718, -0.49564302, 0.853228092, 0.162293568, -0.226149932, -0.30719918, 0.924383402)},{Name="Right Leg",CFrame=CFrame.new(0.72517854, -2.08087635, -0.235179603, 0.941764474, -0.220349908, -0.254018843, 0.246675566, 0.96607244, 0.0765149295, 0.228540555, -0.134719253, 0.964167893)}
			}
		},{
			Time=0.30000001192092896,
			CFrames={
				{Name="Torso",CFrame=CFrame.new(0, -0.0237085819, 0, 0.973199487, 0.0359781384, -0.227130637, -0.0336963311, 0.999335229, 0.01391696, 0.227480337, -0.00589050865, 0.973764837)},{Name="Left Leg",CFrame=CFrame.new(-0.819229484, -2.06791496, -0.101907507, 0.89802736, 0.296077102, 0.325400054, -0.373024374, 0.904572427, 0.206400901, -0.233237356, -0.306735784, 0.922774851)},{Name="Right Arm",CFrame=CFrame.new(1.94621193, 0.71282661, 0.0374422222, 0.0329623409, -0.974896133, 0.220206261, 0.965997398, -0.0254555289, -0.25729537, 0.256441772, 0.221199661, 0.940908194)},{Name="Head",CFrame=CFrame.new(0.0152121028, 1.49960136, -0.0129669821, 0.96852386, 0.030431835, 0.247053161, -0.0358869322, 0.999200761, 0.0176069196, -0.246319905, -0.0259187054, 0.96884197)},{Name="Right Leg",CFrame=CFrame.new(0.867742419, -2.01223707, -0.319052011, 0.890491962, -0.354711682, -0.284962326, 0.375129312, 0.926785052, 0.018627191, 0.257491618, -0.123485066, 0.958357632)},{Name="Left Arm",CFrame=CFrame.new(-1.42183018, 0.200306922, -0.905020893, 0.385679066, -0.0305860937, -0.922125876, -0.846378267, 0.386131167, -0.366805285, 0.367280871, 0.921936452, 0.123035371)}
			}
		},{
			Time=0.36666667461395264,
			CFrames={
				{Name="Torso",CFrame=CFrame.new(0, -0.133247137, 0, 0.981831133, 0.0290014148, -0.187527418, -0.0228404962, 0.99912864, 0.0349316187, 0.188377082, -0.0300137307, 0.981638014)},{Name="Left Leg",CFrame=CFrame.new(-0.866991758, -1.94220996, -0.198412105, 0.895371199, 0.283416867, 0.343489885, -0.373736173, 0.897648573, 0.233554825, -0.242139906, -0.337492824, 0.909651995)},{Name="Right Arm",CFrame=CFrame.new(1.95994592, 0.698201776, 0.141873449, 0.0259101838, -0.993829608, 0.107846424, 0.950891495, -0.00878399983, -0.309398949, 0.308437288, 0.110566862, 0.944796801)},{Name="Head",CFrame=CFrame.new(-0.00264341081, 1.49999046, 0.00206887443, 0.985391617, -0.00527347019, 0.170222431, 0.00590341398, 0.999977529, -0.00319478288, -0.170201778, 0.00415300764, 0.985400498)},{Name="Right Leg",CFrame=CFrame.new(0.875354886, -1.89539504, -0.394156396, 0.88339597, -0.305077583, -0.355723381, 0.350776166, 0.933821023, 0.0702408701, 0.310753167, -0.18682979, 0.931947887)},{Name="Left Arm",CFrame=CFrame.new(-1.42401004, 0.273856074, -0.931818545, 0.383436561, -0.0681197792, -0.921051741, -0.879568815, 0.277210176, -0.386669159, 0.281664759, 0.958391368, 0.046376504)}
			}
		},{
			Time=0.4333333373069763,
			CFrames={
				{Name="Torso",CFrame=CFrame.new(0, -0.221212864, 0, 0.996033251, -0.0267330762, -0.08487124, 0.0275711026, 0.999581814, 0.00871718302, 0.0846027061, -0.0110225976, 0.996353805)},{Name="Left Leg",CFrame=CFrame.new(-0.988698781, -1.82422924, -0.260086954, 0.873472989, 0.335232466, 0.353078127, -0.436514795, 0.860409737, 0.262963414, -0.215638027, -0.383815289, 0.897878706)},{Name="Right Arm",CFrame=CFrame.new(1.9377954, 0.645394087, 0.313775033, -0.0397999659, -0.996064007, -0.0791968107, 0.938399315, -0.0100326193, -0.34540683, 0.343252838, -0.0880654007, 0.935105383)},{Name="Head",CFrame=CFrame.new(0.0647060499, 1.4955883, -0.014376428, 0.986707509, 0.12942259, 0.0982753262, -0.131603628, 0.99117291, 0.0160171129, -0.0953348726, -0.0287375972, 0.995030344)},{Name="Right Leg",CFrame=CFrame.new(0.841096878, -1.86931884, -0.316455126, 0.885772765, -0.196637183, -0.420404971, 0.299149662, 0.934436858, 0.193227023, 0.354846358, -0.296919286, 0.886523008)},{Name="Left Arm",CFrame=CFrame.new(-1.31685126, 0.271808982, -0.975791276, 0.339966685, -0.151415467, -0.92816788, -0.884274185, 0.284493387, -0.370300055, 0.32012704, 0.946644902, -0.0371746048)}
			}
		},{
			Time=0.5,
			CFrames={
				{Name="Torso",CFrame=CFrame.new(0.0137462616, -0.255716324, 0, 0.998423576, 0.0407405458, -0.0386083424, -0.0390683822, 0.998305798, 0.0431183837, 0.0402996019, -0.041542042, 0.998323679)},{Name="Left Leg",CFrame=CFrame.new(-0.870984375, -1.83604538, -0.268369317, 0.91346848, 0.2406739, 0.328102797, -0.304422945, 0.93924439, 0.158575594, -0.270003706, -0.244735777, 0.931236982)},{Name="Right Arm",CFrame=CFrame.new(1.87430346, 0.745667815, 0.307555586, -0.151947215, -0.984231353, -0.0905576646, 0.943994105, -0.117361248, -0.308385044, 0.292894304, -0.132344142, 0.946941435)},{Name="Right Leg",CFrame=CFrame.new(0.949498951, -1.78637815, -0.281350374, 0.849646091, -0.2981444, -0.434984475, 0.36878103, 0.925532877, 0.0859588981, 0.37696436, -0.233448625, 0.896325529)},{Name="Left Arm",CFrame=CFrame.new(-1.27807796, 0.286824524, -1.01410818, 0.310961694, -0.18775776, -0.931691885, -0.895969033, 0.269137621, -0.353276491, 0.317083806, 0.944622457, -0.0845336914)}
			}
		},{
			Time=0.5666666626930237,
			CFrames={
				{Name="Torso",CFrame=CFrame.new(0.0445575714, -0.169717312, 0, 0.994139791, 0.10779646, 0.00812283251, -0.107940927, 0.99395287, 0.0201616008, -0.00590036344, -0.0209202375, 0.999763727)},{Name="Left Leg",CFrame=CFrame.new(-0.7320503, -1.94825208, -0.192182615, 0.935444295, 0.167515367, 0.311259717, -0.212335765, 0.970293641, 0.11594522, -0.282590777, -0.174551845, 0.943225384)},{Name="Right Arm",CFrame=CFrame.new(1.84041345, 0.820181191, 0.332411528, -0.19698593, -0.97971487, -0.0368104652, 0.917890847, -0.171102315, -0.358050615, 0.344489276, -0.104318924, 0.932976305)},{Name="Head",CFrame=CFrame.new(-0.0492626876, 1.49735427, -0.0146557968, 0.994752347, -0.0985167921, -0.0276030805, 0.0992527902, 0.994704187, 0.0266967416, 0.0248268135, -0.0292963348, 0.999262333)},{Name="Right Leg",CFrame=CFrame.new(1.05512571, -1.82529998, -0.140076831, 0.810909688, -0.388255805, -0.437815905, 0.423814207, 0.905568421, -0.0180835724, 0.403493345, -0.170888439, 0.898882747)},{Name="Left Arm",CFrame=CFrame.new(-1.23716462, 0.221352637, -1.08633399, 0.282210052, -0.228633285, -0.931710422, -0.860965729, 0.368057609, -0.351099938, 0.423196405, 0.901254714, -0.0929758847)}
			}
		},{
			Time=0.6666666865348816,
			CFrames={
				{Name="Torso",CFrame=CFrame.new(0.0437808037, -0.0533883572, 0, 0.999355137, -0.00881525595, 0.0348074287, 0.00808846299, 0.999747455, 0.0209662989, -0.0349834636, -0.020671241, 0.999174058)},{Name="Left Leg",CFrame=CFrame.new(-0.87830466, -1.97569823, -0.168663785, 0.879028797, 0.374180257, 0.295461178, -0.38680622, 0.922006488, -0.0168650001, -0.27872774, -0.0994613767, 0.955205858)},{Name="Right Arm",CFrame=CFrame.new(1.93240035, 0.693054914, 0.332368612, -0.0200987291, -0.991723299, -0.126808882, 0.976802349, 0.00756830862, -0.214008316, 0.213196874, -0.128168494, 0.968565881)},{Name="Head",CFrame=CFrame.new(0.0369806625, 1.49849677, -0.0116144475, 0.997068584, 0.0739699081, -0.0195646938, -0.0734790713, 0.996990323, 0.0247198865, 0.0213343389, -0.0232098214, 0.999502838)},{Name="Right Leg",CFrame=CFrame.new(0.804100156, -2.02338076, -0.0672966912, 0.91811347, -0.265974998, -0.293810815, 0.28095454, 0.959676921, 0.00918297283, 0.279521108, -0.0909784958, 0.955819428)},{Name="Left Arm",CFrame=CFrame.new(-1.24161017, 0.225452304, -1.08460236, 0.283832729, -0.221364543, -0.932971895, -0.864015758, 0.362908334, -0.348961294, 0.415831059, 0.905149162, -0.0882571936)}
			}
		},{
			Time=0.7333333492279053,
			CFrames={
				{Name="Torso",CFrame=CFrame.new(0.0437808037, -0.0227899551, 0, 0.999875665, -0.000706331281, -0.0157524142, 0.00159520505, 0.998402119, 0.0564868525, 0.0156873446, -0.0565049574, 0.998279095)},{Name="Left Leg",CFrame=CFrame.new(-0.833977342, -2.00749016, -0.181442901, 0.915029645, 0.34657827, 0.206408277, -0.341766894, 0.93788594, -0.0597075336, -0.214280754, -0.0159093402, 0.976642489)},{Name="Head",CFrame=CFrame.new(-0.0147371003, 1.49978054, 0.00204492733, 0.998910666, -0.0294665713, 0.0361816324, 0.0295958091, 0.999557257, -0.00304142013, -0.0360759869, 0.00410892814, 0.999340534)},{Name="Right Leg",CFrame=CFrame.new(0.809719205, -2.03812456, -0.142200798, 0.916120052, -0.270844817, -0.295578986, 0.266024262, 0.962266028, -0.0572255366, 0.29992488, -0.0262056962, 0.953602791)}
			}
		},{
			Time=0.800000011920929,
			CFrames={
				{Name="Torso",CFrame=CFrame.new(0.0437808037, -0.0533883572, 0, 0.995135307, 0.0109277619, -0.0979097039, -0.00395528227, 0.997459471, 0.0711263344, 0.0984382108, -0.0703930631, 0.99265039)},{Name="Left Leg",CFrame=CFrame.new(-0.839032471, -1.98005438, -0.155967861, 0.912119567, 0.350167423, 0.213120848, -0.350156754, 0.935875297, -0.0390777141, -0.213138357, -0.0389821306, 0.976244032)},{Name="Right Arm",CFrame=CFrame.new(1.9589572, 0.681017995, 0.280612856, 0.040847674, -0.983891666, 0.174035162, 0.909774184, -0.0353874005, -0.413591892, 0.413088441, 0.175226986, 0.893673956)},{Name="Head",CFrame=CFrame.new(-0.0338667631, 1.49855399, 0.0172931757, 0.992972791, -0.0677258968, 0.0970475376, 0.0707380325, 0.997103572, -0.0279367752, -0.0948744342, 0.0346054249, 0.99488759)},{Name="Right Leg",CFrame=CFrame.new(0.82492578, -2.00928879, -0.239567578, 0.91000545, -0.29091385, -0.29539603, 0.279193759, 0.95671761, -0.0821086615, 0.306497186, -0.00775335729, 0.951839924)},{Name="Left Arm",CFrame=CFrame.new(-1.30663252, 0.225664675, -0.936573744, 0.334867597, -0.115433738, -0.935167551, -0.868335783, 0.347551525, -0.353836775, 0.36586374, 0.930528164, 0.0161485039)}
			}
		},{
			Time=0.8666666746139526,
			CFrames={
				{Name="Torso",CFrame=CFrame.new(0.0437808037, -0.1595397, 0, 0.989645839, 0.0600666702, -0.130357429, -0.0488520563, 0.994958282, 0.0875868425, 0.134961262, -0.0803117231, 0.98759073)},{Name="Left Leg",CFrame=CFrame.new(-0.780496836, -1.88773918, -0.180519968, 0.919558287, 0.265336663, 0.289843231, -0.277755976, 0.960649788, 0.00178406388, -0.277964532, -0.0821462348, 0.957072496)},{Name="Right Arm",CFrame=CFrame.new(1.87650371, 0.75657469, 0.312036008, -0.101083145, -0.961642027, 0.255002946, 0.87284416, -0.208720431, -0.441110671, 0.477414966, 0.177988932, 0.860461891)},{Name="Head",CFrame=CFrame.new(-0.0401693434, 1.49805665, 0.0181140229, 0.992097378, -0.0803310573, 0.0963824987, 0.0834180191, 0.996109009, -0.0284317546, -0.0937235355, 0.0362471193, 0.994938195)},{Name="Right Leg",CFrame=CFrame.new(0.891053677, -1.86553216, -0.336251467, 0.887371898, -0.353586137, -0.295884788, 0.350955039, 0.934211671, -0.0638651773, 0.299000859, -0.0471700206, 0.953086257)},{Name="Left Arm",CFrame=CFrame.new(-1.39911103, 0.216304451, -0.776417017, 0.471225232, -0.174009383, -0.864677727, -0.81699264, 0.283311427, -0.50225234, 0.332369745, 0.943109155, -0.00866086781)}
			}
		},{
			Time=0.9666666388511658,
			CFrames={
				{Name="Torso",CFrame=CFrame.new(0.0198144913, -0.341386795, 0, 0.995690525, 0.0653075352, 0.0658427924, -0.0708778799, 0.993757486, 0.0861535072, -0.0598052926, -0.0904490277, 0.994103789)},{Name="Left Leg",CFrame=CFrame.new(-0.795895696, -1.72921932, -0.496178091, 0.966508269, 0.115841702, 0.229003385, -0.165379047, 0.96348083, 0.21060358, -0.196243733, -0.241422445, 0.950370193)},{Name="Right Arm",CFrame=CFrame.new(1.81078148, 0.747887909, 0.465428948, -0.199027419, -0.928859949, 0.312421143, 0.690319121, -0.359162867, -0.628061473, 0.69559139, 0.0906688422, 0.712693393)},{Name="Head",CFrame=CFrame.new(-0.0349551477, 1.49854565, 0.0152700245, 0.993863344, -0.0699021891, -0.0857286304, 0.066978924, 0.997085989, -0.0365176052, 0.0880314484, 0.0305514932, 0.99564904)},{Name="Right Leg",CFrame=CFrame.new(0.940623641, -1.68902123, -0.34744972, 0.805268228, -0.358648121, -0.472138017, 0.457231045, 0.882592857, 0.109402888, 0.377468586, -0.303974926, 0.874709308)},{Name="Left Arm",CFrame=CFrame.new(-1.29392552, 0.258714318, -0.816924334, 0.538530707, -0.357014656, -0.763233483, -0.768672347, 0.162878618, -0.618557215, 0.345148474, 0.91978842, -0.186712205)}
			}
		},{
			Time=1.0666667222976685,
			CFrames={
				{Name="Torso",CFrame=CFrame.new(0.0198144913, -0.197637081, 0, 0.997974694, 0.00330547872, 0.0635259897, -0.00835653301, 0.99680692, 0.0794113502, -0.0630606562, -0.0797813758, 0.994815707)},{Name="Left Leg",CFrame=CFrame.new(-0.890398264, -1.85641718, -0.386513531, 0.953169227, 0.186638296, 0.237979814, -0.219294697, 0.968391418, 0.118858948, -0.208274007, -0.165480375, 0.963970006)},{Name="Right Leg",CFrame=CFrame.new(0.82358706, -1.88166833, -0.27858603, 0.83956337, -0.277509302, -0.467035264, 0.352748096, 0.932278037, 0.0801619962, 0.413161099, -0.232046857, 0.880597591)}
			}
		},{
			Time=1.1333333253860474,
			CFrames={
				{Name="Torso",CFrame=CFrame.new(0.0198144913, -0.0649306774, 0, 0.997276425, -0.0380841754, 0.0631614849, 0.0362949036, 0.998913288, 0.0292384271, -0.0642063692, -0.0268663522, 0.997574925)},{Name="Left Leg",CFrame=CFrame.new(-0.956736565, -1.98446727, -0.274902225, 0.941290617, 0.236105293, 0.24130173, -0.265123934, 0.959483206, 0.0953972042, -0.209001213, -0.153771341, 0.96574986)},{Name="Right Arm",CFrame=CFrame.new(1.75948453, 0.346433461, 0.0488912165, 0.596458495, -0.492052406, 0.634130716, 0.455545574, 0.858005524, 0.237285152, -0.660844445, 0.147344664, 0.735917211)},{Name="Right Leg",CFrame=CFrame.new(0.742159486, -2.05059695, -0.166676581, 0.859155834, -0.217958212, -0.462974638, 0.303362429, 0.94556427, 0.117807865, 0.412095189, -0.24166441, 0.878507733)}
			}
		},{
			Time=1.2333333492279053,
			CFrames={
				{Name="Torso",CFrame=CFrame.new(0.0198144913, 0.0184845924, 0, 0.999767363, -0.00902869459, 0.0195914172, 0.00931854546, 0.99984771, -0.0147542395, -0.0194552243, 0.0149333691, 0.999699235)},{Name="Left Leg",CFrame=CFrame.new(-0.898582578, -2.08744311, -0.184450746, 0.946177542, 0.246429369, 0.209810615, -0.277794182, 0.950995326, 0.135786444, -0.166067198, -0.186762244, 0.968267262)},{Name="Right Arm",CFrame=CFrame.new(1.77394068, 0.137937903, 0.0606861115, 0.633437455, -0.248697251, 0.732739091, -0.0552305095, 0.929996848, 0.363393724, -0.771820247, -0.270656765, 0.575359285)},{Name="Head",CFrame=CFrame.new(-0.0099855382, 1.49971092, -0.0138200149, 0.99955523, -0.019963447, -0.0221511405, 0.0205631759, 0.999418914, 0.027185183, 0.021595547, -0.0276285857, 0.999384999)},{Name="Right Leg",CFrame=CFrame.new(0.797596812, -2.0300312, -0.0672488213, 0.852413654, -0.24937354, -0.459569037, 0.320409507, 0.94370389, 0.082221888, 0.413193136, -0.217337325, 0.884327948)},{Name="Left Arm",CFrame=CFrame.new(-1.89142287, 0.825811267, 0.126070529, 0.511585355, 0.859230101, -0.00195316784, -0.854767084, 0.508693695, -0.102974504, -0.0874852091, 0.0543497279, 0.994682014)}
			}
		},{
			Time=1.2999999523162842,
			CFrames={
				{Name="Torso",CFrame=CFrame.new(0.0198144913, -0.0480010509, 0, 0.998722911, -0.0314879455, 0.0395114981, 0.0327217802, 0.998984277, -0.0309790671, -0.0384958945, 0.0322323889, 0.998738766)},{Name="Left Leg",CFrame=CFrame.new(-0.982464552, -2.02734947, -0.129684091, 0.911384404, 0.35829705, 0.202489391, -0.388739496, 0.910999656, 0.137698635, -0.135130778, -0.20421201, 0.96955508)},{Name="Right Arm",CFrame=CFrame.new(1.68167281, 0.121905863, -0.270669639, 0.521773636, -0.240940362, 0.818352044, -0.0502949432, 0.948929608, 0.311452806, -0.85160017, -0.203666836, 0.483008415)},{Name="Head",CFrame=CFrame.new(-0.0104754502, 1.49964881, -0.0155892847, 0.997917771, -0.0209413636, -0.0610043816, 0.0227943454, 0.999294758, 0.0298387036, 0.0603365004, -0.0311671253, 0.997691393)},{Name="Right Leg",CFrame=CFrame.new(0.777875185, -1.99959695, -0.00183179975, 0.847628057, -0.270172566, -0.456654698, 0.331635654, 0.941592216, 0.0584933311, 0.414179295, -0.201023534, 0.887719035)},{Name="Left Arm",CFrame=CFrame.new(-1.7751627, 0.98778528, 0.218736783, -0.0697058812, 0.997488439, 0.0125561841, -0.923991203, -0.0598152988, -0.377706349, -0.376006722, -0.0379301533, 0.925840318)}
			}
		},{
			Time=1.3666666746139526,
			CFrames={
				{Name="Torso",CFrame=CFrame.new(0, 0, 0, 1, 0, 0, 0, 1, 0, 0, 0, 1)},{Name="Left Leg",CFrame=CFrame.new(-0.992095828, -1.94576156, -0.206132933, 0.896685243, 0.414565951, 0.155211136, -0.430395842, 0.898467302, 0.0866916627, -0.103512712, -0.144537374, 0.984070182)},{Name="Right Arm",CFrame=CFrame.new(1.62977886, 0.153334528, -0.562107921, 0.453549117, -0.0782083645, 0.887793183, 0.283893764, 0.956930041, -0.0607347041, -0.844806254, 0.279585123, 0.456217825)},{Name="Head",CFrame=CFrame.new(-0.00353221269, 1.49603713, 0.0627313852, 0.997981966, -0.00705584232, -0.0631044507, -0.000932253839, 0.992071807, -0.125668973, 0.0634908527, 0.125474215, 0.99006325)},{Name="Right Leg",CFrame=CFrame.new(0.841289878, -1.86181903, -0.105270475, 0.858095586, -0.308490843, -0.410494059, 0.379328072, 0.919641912, 0.101824902, 0.346095622, -0.243087471, 0.906160116)},{Name="Left Arm",CFrame=CFrame.new(-1.7632668, 0.964762986, 0.333213985, -0.249046028, 0.967363894, 0.0467226505, -0.918000877, -0.220414117, -0.329684436, -0.308626592, -0.124998011, 0.942934453)}
			}
		},{
			Time=1.4333332777023315,
			CFrames={
				{Name="Torso",CFrame=CFrame.new(0, 0, 0, 1, 0, 0, 0, 1, 0, 0, 0, 1)},{Name="Left Leg",CFrame=CFrame.new(-1.00124288, -1.93499672, -0.285250425, 0.878175557, 0.466741949, 0.104688294, -0.472487569, 0.880530536, 0.0376958884, -0.0745869875, -0.0825675204, 0.993790329)},{Name="Right Leg",CFrame=CFrame.new(0.957270622, -1.83890092, -0.211764351, 0.86350739, -0.348311722, -0.364737928, 0.422924161, 0.894089937, 0.147437483, 0.274754375, -0.281569868, 0.919363022)}
			}
		},{
			Time=1.4666666984558105,
			CFrames={
				{Name="Torso",CFrame=CFrame.new(0.0198144913, -0.273814678, 0, 0.993279457, 0.00813717954, 0.115454555, -0.0176087953, 0.996537626, 0.081256628, -0.114393614, -0.0827435479, 0.989983618)},{Name="Left Leg",CFrame=CFrame.new(-1.00508869, -1.90467072, -0.347135335, 0.866284609, 0.490115851, 0.0966268554, -0.491855592, 0.870651603, -0.00655730814, -0.0873422176, -0.0418459922, 0.995298922)},{Name="Right Arm",CFrame=CFrame.new(1.55796885, 0.49645403, -0.972289681, 0.425454319, -0.0670575351, 0.902492225, 0.873659611, 0.290523469, -0.390275329, -0.236024231, 0.954515338, 0.182189941)},{Name="Head",CFrame=CFrame.new(0.0156706329, 1.49677849, 0.05446117, 0.997325063, 0.031349849, -0.0660310686, -0.0382948704, 0.993555009, -0.106686696, 0.0622608587, 0.108929969, 0.992097795)},{Name="Right Leg",CFrame=CFrame.new(0.995753348, -1.78046644, -0.277562082, 0.872942567, -0.352347732, -0.337375253, 0.423504353, 0.890619278, 0.165652722, 0.242105633, -0.287485242, 0.926680684)},{Name="Left Arm",CFrame=CFrame.new(-1.76470447, 0.757596374, 0.483986378, -0.120880753, 0.969242573, 0.214374244, -0.962919652, -0.0620192289, -0.262562871, -0.241191864, -0.238163948, 0.940799952)}
			}
		},{
			Time=1.5333333015441895,
			CFrames={
				{Name="Torso",CFrame=CFrame.new(0.0198144913, -0.285783291, 0, 0.987175524, 0.001856355, 0.159627751, -0.0240904316, 0.990213573, 0.137465447, -0.157810375, -0.139548033, 0.977559328)},{Name="Left Leg",CFrame=CFrame.new(-0.983542562, -1.86694789, -0.463544369, 0.877286375, 0.473308653, 0.079671219, -0.463832617, 0.878710985, -0.112808689, -0.123401351, 0.0620114058, 0.990417421)},{Name="Right Arm",CFrame=CFrame.new(1.56687069, 0.587239802, -0.891207039, 0.425701261, -0.0909557045, 0.900280893, 0.901288509, 0.13097991, -0.412944615, -0.0803589821, 0.987203717, 0.13773568)},{Name="Head",CFrame=CFrame.new(0.0212984532, 1.4904778, 0.0947458446, 0.989503622, 0.0426054895, -0.138084203, -0.0676480681, 0.980951667, -0.182092384, 0.127695814, 0.189522207, 0.973537385)},{Name="Right Leg",CFrame=CFrame.new(1.01312566, -1.77602887, -0.328225017, 0.865994453, -0.366548359, -0.34014082, 0.425515771, 0.89745605, 0.116225868, 0.262659132, -0.245386258, 0.933164418)},{Name="Left Arm",CFrame=CFrame.new(-1.88568354, 0.711631, 0.421786517, -0.045193933, 0.989564717, 0.136817083, -0.969357014, -0.0103367604, -0.245438457, -0.241463035, -0.143716887, 0.95970881)}
			}
		},{
			Time=1.6666666269302368,
			CFrames={
				{Name="Torso",CFrame=CFrame.new(-0.00501346588, -0.146711588, 0, 0.981852233, 0.0450570025, 0.184217349, -0.0582873598, 0.996046066, 0.0670443177, -0.180468127, -0.0765651539, 0.980596244)},{Name="Left Leg",CFrame=CFrame.new(-0.91273737, -2.04461241, -0.411906153, 0.923578322, 0.379313052, 0.0558992326, -0.380019516, 0.924975574, 0.00218875706, -0.0508752316, -0.023264274, 0.998434007)},{Name="Right Arm",CFrame=CFrame.new(1.59229958, 0.505476356, -0.929651439, 0.484655559, -0.0828581154, 0.870771766, 0.856075823, 0.249293447, -0.452754557, -0.179563358, 0.964876652, 0.191754341)},{Name="Head",CFrame=CFrame.new(-0.0376082696, 1.49759769, 0.0313448869, 0.988400221, -0.0752079561, -0.131942362, 0.0660749748, 0.995192647, -0.0722883567, 0.136744753, 0.0627317354, 0.988617957)},{Name="Right Leg",CFrame=CFrame.new(1.04342413, -1.883057, -0.109646097, 0.837228775, -0.418743163, -0.351713002, 0.464525312, 0.883950889, 0.0533545688, 0.288555205, -0.208049551, 0.934586048)},{Name="Left Arm",CFrame=CFrame.new(-1.9684298, 0.612288535, 0.428078443, 0.13239646, 0.977470517, 0.164383769, -0.952404916, 0.17139557, -0.252087831, -0.274583191, -0.123184398, 0.953640103)}
			}
		},{
			Time=1.7333333492279053,
			CFrames={
				{Name="Torso",CFrame=CFrame.new(-0.00501346588, -0.108244896, 0, 0.986308038, -0.00380616542, 0.164869532, -0.00782394875, 0.997527897, 0.0698344782, -0.164727762, -0.0701682419, 0.983839989)},{Name="Left Leg",CFrame=CFrame.new(-1.00998092, -2.02671766, -0.360201031, 0.891550958, 0.449495316, 0.0555938184, -0.447237164, 0.893090367, -0.0486623794, -0.0715238526, 0.0185213685, 0.997266889)},{Name="Right Arm",CFrame=CFrame.new(1.57413423, 0.451155901, -0.943201244, 0.550940096, -0.0572473556, 0.832579017, 0.812033534, 0.266926378, -0.518990934, -0.192526475, 0.962014854, 0.193547264)},{Name="Head",CFrame=CFrame.new(0.024055887, 1.49739277, 0.044958435, 0.98988241, 0.0481184497, -0.133483127, -0.0595283955, 0.994782746, -0.0828471929, 0.128800273, 0.089955017, 0.987582207)},{Name="Right Leg",CFrame=CFrame.new(0.950866759, -1.98252594, -0.129180714, 0.850892425, -0.391779184, -0.349987268, 0.432598293, 0.900527894, 0.0436771289, 0.298061579, -0.188568413, 0.935735583)},{Name="Left Arm",CFrame=CFrame.new(-1.91069365, 0.654286027, 0.437689662, 0.0651338995, 0.982601225, 0.173931688, -0.952324152, 0.113270842, -0.283280849, -0.298053592, -0.147188082, 0.943132758)}
			}
		},{
			Time=1.7999999523162842,
			CFrames={
				{Name="Torso",CFrame=CFrame.new(-0.00501346588, -0.117488623, 0, 0.987449229, -0.0442430303, 0.151612908, 0.033691898, 0.996873617, 0.071469292, -0.154300928, -0.0654641613, 0.985852778)},{Name="Left Leg",CFrame=CFrame.new(-1.07434285, -1.97278571, -0.357851058, 0.868819594, 0.489456236, 0.0747332722, -0.486841053, 0.871990263, -0.0511703305, -0.0902123898, 0.00807452947, 0.995889843)},{Name="Right Arm",CFrame=CFrame.new(1.57541573, 0.403821856, -0.952519119, 0.529895544, -0.0691514239, 0.845239043, 0.819634736, 0.297651291, -0.489492118, -0.217737347, 0.952166796, 0.214403078)},{Name="Head",CFrame=CFrame.new(0.0556100458, 1.49402738, 0.0533225909, 0.984555244, 0.111226767, -0.135202304, -0.124160841, 0.988051832, -0.0913105831, 0.123430729, 0.106687143, 0.986601651)},{Name="Right Leg",CFrame=CFrame.new(0.858394802, -1.99464619, -0.137316942, 0.859785497, -0.325257212, -0.39367044, 0.3850438, 0.919301093, 0.0814025477, 0.33542496, -0.221569091, 0.915640235)},{Name="Left Arm",CFrame=CFrame.new(-1.86997771, 0.701899171, 0.384837389, 0.0316581354, 0.987991512, 0.151228413, -0.973248303, 0.0649204552, -0.220392853, -0.227564141, -0.140205577, 0.96361661)}
			}
		},{
			Time=1.8666666746139526,
			CFrames={
				{Name="Torso",CFrame=CFrame.new(-0.00501346588, -0.169916868, 0, 0.996047139, 0.0096796602, 0.0882971287, -0.0140927657, 0.998674989, 0.0494945422, -0.0877010375, -0.0505432487, 0.994863749)},{Name="Left Leg",CFrame=CFrame.new(-0.98505801, -1.96058512, -0.29125458, 0.894904613, 0.42229265, 0.144272611, -0.433973998, 0.898867369, 0.0608583651, -0.103981927, -0.11707297, 0.9876647)},{Name="Right Arm",CFrame=CFrame.new(1.49464464, 0.409701169, -0.977173507, 0.50321883, 0.0162613988, 0.864005983, 0.82489109, 0.288928866, -0.485874951, -0.257537425, 0.957212269, 0.131980598)},{Name="Head",CFrame=CFrame.new(0.00703941844, 1.49961925, 0.0182506721, 0.998404026, 0.0140855126, -0.0546908677, -0.0160542186, 0.999232709, -0.0357261226, 0.0541456901, 0.0365471207, 0.997864008)},{Name="Right Leg",CFrame=CFrame.new(0.953012586, -1.89009786, -0.177573949, 0.867697656, -0.385165751, -0.314242214, 0.434436947, 0.894815028, 0.102811396, 0.241589293, -0.225727633, 0.943759263)},{Name="Left Arm",CFrame=CFrame.new(-1.88710427, 0.68407619, 0.379621506, 0.0687120557, 0.985190213, 0.157093748, -0.973393857, 0.100708418, -0.205820367, -0.218592957, -0.138771713, 0.965898275)}
			}
		},{
			Time=1.9666666984558105,
			CFrames={
				{Name="Torso",CFrame=CFrame.new(-0.00501346588, -0.249101639, 0, 0.999957681, -0.000437734037, 0.00919086579, -2.39070796e-05, 0.998740792, 0.0501681715, -0.0092012519, -0.0501662642, 0.998698473)},{Name="Left Leg",CFrame=CFrame.new(-1.0251739, -1.87670958, -0.268020898, 0.868111253, 0.437633097, 0.234222338, -0.477194518, 0.865706205, 0.15112181, -0.136631832, -0.242960125, 0.960365474)},{Name="Right Arm",CFrame=CFrame.new(1.46607852, 0.397891045, -0.992841005, 0.514241099, 0.0844147578, 0.853481174, 0.805737972, 0.293397218, -0.514493763, -0.293839961, 0.952256203, 0.0828607753)},{Name="Head",CFrame=CFrame.new(0.022245802, 1.49924529, 0.0161581412, 0.998999655, 0.044500187, -0.00443558861, -0.0446202345, 0.99848491, -0.0322001651, 0.00299595576, 0.0323658735, 0.999471664)},{Name="Right Leg",CFrame=CFrame.new(0.914931178, -1.83354235, -0.255577087, 0.882771909, -0.354300112, -0.308520943, 0.408765078, 0.902944088, 0.132674977, 0.231570482, -0.243234292, 0.941919327)},{Name="Left Arm",CFrame=CFrame.new(-1.87695754, 0.656166196, 0.458045572, 0.0467948802, 0.986813843, 0.15494664, -0.919893622, 0.103035264, -0.378390521, -0.38936606, -0.124827638, 0.912585318)}
			}
		},{
			Time=2.0333333015441895,
			CFrames={
				{Name="Torso",CFrame=CFrame.new(-0.00501346588, -0.230865955, 0, 0.995419502, -0.0713478625, 0.0636351332, 0.0678828955, 0.996173561, 0.0550466329, -0.0673190951, -0.0504747592, 0.996453941)},{Name="Left Leg",CFrame=CFrame.new(-1.10712194, -1.83163261, -0.328557462, 0.82661593, 0.505321264, 0.247702241, -0.541242957, 0.834413826, 0.103967257, -0.154149354, -0.220008075, 0.963241458)},{Name="Right Arm",CFrame=CFrame.new(1.53665924, 0.370286822, -0.974985898, 0.613662064, 0.0426694825, 0.788414955, 0.747463167, 0.290330827, -0.597500205, -0.25439623, 0.95597446, 0.146271199)},{Name="Head",CFrame=CFrame.new(0.0768703222, 1.49355161, 0.0223051086, 0.98648411, 0.153747797, -0.056662228, -0.155929729, 0.987100422, -0.036315307, 0.0503478944, 0.0446598083, 0.997732699)},{Name="Right Leg",CFrame=CFrame.new(0.806556106, -1.90380502, -0.250932336, 0.888698936, -0.253297418, -0.382170707, 0.340488881, 0.922832489, 0.180131316, 0.307052761, -0.290207326, 0.906365395)},{Name="Left Arm",CFrame=CFrame.new(-1.83745444, 0.716347456, 0.407808691, -0.0391027704, 0.996625483, 0.0721692517, -0.926022053, -0.00900652073, -0.377361596, -0.375438213, -0.081586197, 0.923249722)}
			}
		},{
			Time=2.0999999046325684,
			CFrames={
				{Name="Torso",CFrame=CFrame.new(-0.00501346588, -0.148001909, 0, 0.998026788, -0.0330918022, 0.05336155, 0.0302878432, 0.998160183, 0.0525254644, -0.0550015345, -0.0508056171, 0.99719286)},{Name="Left Leg",CFrame=CFrame.new(-1.03109896, -1.94729698, -0.274820507, 0.855945766, 0.460163087, 0.235811159, -0.485949904, 0.87172693, 0.0628049597, -0.176662415, -0.168350011, 0.969767272)},{Name="Head",CFrame=CFrame.new(0.017939128, 1.49932694, 0.0187213272, 0.997646987, 0.0358863622, -0.058419086, -0.0379926339, 0.998652458, -0.0353521332, 0.0570717081, 0.0374884307, 0.997666001)},{Name="Right Leg",CFrame=CFrame.new(0.853065848, -1.95486033, -0.217127666, 0.87929368, -0.312273532, -0.359622031, 0.374112248, 0.920132935, 0.115736023, 0.294758856, -0.236304924, 0.925892651)},{Name="Left Arm",CFrame=CFrame.new(-1.87038279, 0.660567999, 0.441306531, 0.0346663222, 0.988714933, 0.145742446, -0.913860023, 0.0903908759, -0.395839751, -0.404546529, -0.119465888, 0.906680763)}
			}
		},{
			Time=2.1666667461395264,
			CFrames={
				{Name="Torso",CFrame=CFrame.new(-0.0259628296, -0.0391170979, 0, 0.996524453, -0.073676534, 0.03886934, 0.0715411529, 0.995989323, 0.0537321791, -0.0426722504, -0.0507646725, 0.997798562)},{Name="Left Leg",CFrame=CFrame.new(-1.08156276, -2.01968527, -0.225010589, 0.825831294, 0.513415575, 0.233253077, -0.525690854, 0.850603521, -0.0110667981, -0.204087779, -0.113479681, 0.972353041)},{Name="Right Arm",CFrame=CFrame.new(1.5707202, 0.391536474, -0.949006557, 0.618845582, -0.0202696752, 0.785251379, 0.761315942, 0.261685222, -0.593227446, -0.193464115, 0.96494019, 0.177374393)},{Name="Head",CFrame=CFrame.new(0.030895032, 1.49871624, 0.0180814136, 0.996411204, 0.0617976934, -0.0578426756, -0.0637560785, 0.997431457, -0.0326455757, 0.0556766838, 0.0362162329, 0.997791767)},{Name="Right Leg",CFrame=CFrame.new(0.787085235, -2.04613304, -0.225219965, 0.858103395, -0.254662037, -0.445876777, 0.318077803, 0.945307851, 0.0722380877, 0.403094679, -0.203811124, 0.892174602)},{Name="Left Arm",CFrame=CFrame.new(-1.8711611, 0.649609029, 0.456345648, 0.0364795104, 0.988458335, 0.14703469, -0.898421347, 0.0968693793, -0.428316593, -0.437616348, -0.116474308, 0.891586006)}
			}
		},{
			Time=2.2333333492279053,
			CFrames={
				{Name="Torso",CFrame=CFrame.new(-0.0702490807, -0.0506896973, 0, 0.99489522, -0.0903384835, 0.0449722782, 0.0878289044, 0.994618177, 0.0549615212, -0.0496953875, -0.050731089, 0.997475147)},{Name="Left Leg",CFrame=CFrame.new(-1.07681322, -1.9447974, -0.267733932, 0.792501867, 0.522882402, 0.313902289, -0.533209145, 0.843886495, -0.0595224202, -0.296021223, -0.120203957, 0.94758755)},{Name="Head",CFrame=CFrame.new(0.0497997701, 1.49713707, 0.0193386935, 0.993380129, 0.099606216, -0.0572261475, -0.101604186, 0.994273186, -0.0331280529, 0.053598661, 0.0387231633, 0.997811437)},{Name="Right Leg",CFrame=CFrame.new(0.779363334, -1.99579072, -0.176503628, 0.85759151, -0.146635652, -0.492985547, 0.180206865, 0.983404756, 0.020977594, 0.481728375, -0.106829584, 0.869784415)},{Name="Left Arm",CFrame=CFrame.new(-1.84053874, 0.683860719, 0.459615231, -0.0287330337, 0.992425263, 0.119442411, -0.897145033, 0.0270901676, -0.440904468, -0.440800428, -0.119825616, 0.889571011)}
			}
		},{
			Time=2.3333332538604736,
			CFrames={
				{Name="Torso",CFrame=CFrame.new(-0.0926952362, -0.108679771, 0, 0.997962058, -0.0464018732, 0.0438022912, 0.0440628342, 0.997625411, 0.0529345237, -0.0461545363, -0.0508965924, 0.997636855)},{Name="Left Leg",CFrame=CFrame.new(-1.05766428, -1.9701612, -0.286219031, 0.832888424, 0.513988554, 0.205212802, -0.535923123, 0.841584325, 0.0672435313, -0.138141528, -0.16598466, 0.976404667)},{Name="Right Arm",CFrame=CFrame.new(1.56095302, 0.420027882, -0.941273928, 0.604779363, -0.0148015507, 0.796255529, 0.778477907, 0.221864864, -0.587152541, -0.167970359, 0.974964976, 0.145702064)},{Name="Head",CFrame=CFrame.new(0.0497996472, 1.49713778, 0.019338537, 0.988828182, 0.0996054932, -0.110894777, -0.103247151, 0.994273543, -0.0275814235, 0.107512444, 0.0387228504, 0.99344939)},{Name="Right Leg",CFrame=CFrame.new(0.770122826, -2.01741409, -0.245031327, 0.73547262, -0.146952912, -0.661426246, 0.246729523, 0.967258632, 0.0594491474, 0.631034374, -0.2069166, 0.747650504)},{Name="Left Arm",CFrame=CFrame.new(-1.8842504, 0.712812722, 0.323147118, -0.0194932371, 0.995678604, 0.0907944366, -0.930766404, 0.0150889466, -0.365302056, -0.365093559, -0.0916293263, 0.92645061)}
			}
		},{
			Time=2.433333396911621,
			CFrames={
				{Name="Torso",CFrame=CFrame.new(-0.0926952362, -0.256717205, 0, 0.998971045, 0.0335629657, -0.0305026714, -0.0321521163, 0.998441219, 0.0456226952, 0.0319863558, -0.0445950218, 0.998492956)},{Name="Left Leg",CFrame=CFrame.new(-0.950498819, -1.91239595, -0.276260763, 0.84483856, 0.40915674, 0.3447299, -0.478420973, 0.866172016, 0.144426793, -0.239502251, -0.286943197, 0.927524805)},{Name="Right Arm",CFrame=CFrame.new(1.5021472, 0.539639115, -1.02547204, 0.510893643, -0.00156998821, 0.859642446, 0.838426232, 0.221713737, -0.497879684, -0.189813003, 0.975110471, 0.11458841)},{Name="Head",CFrame=CFrame.new(-0.024038408, 1.49900508, 0.0203743167, 0.998737812, -0.0480701402, 0.0145626627, 0.0486202389, 0.998011053, -0.0401255675, -0.012604855, 0.0407829657, 0.999088585)},{Name="Right Leg",CFrame=CFrame.new(0.905974567, -1.82770443, -0.385730177, 0.745239139, -0.224093094, -0.628013432, 0.348259479, 0.933978438, 0.0799958184, 0.568624616, -0.278327614, 0.774079978)},{Name="Left Arm",CFrame=CFrame.new(-1.87574673, 0.715005159, 0.336372674, -0.0320394598, 0.991218448, 0.128293276, -0.935507953, 0.0154458173, -0.352967471, -0.351849556, -0.131328255, 0.926798046)}
			}
		},{
			Time=2.5333333015441895,
			CFrames={
				{Name="Torso",CFrame=CFrame.new(-0.134310722, -0.191550016, 0, 0.998936594, -0.0415770672, -0.0199262165, 0.0423959307, 0.998192072, 0.042604614, 0.0181188025, -0.0434040949, 0.998893261)},{Name="Left Leg",CFrame=CFrame.new(-1.04749072, -1.91342616, -0.279670715, 0.790640295, 0.47889173, 0.381511003, -0.552532792, 0.82651943, 0.107575402, -0.263809383, -0.295850843, 0.91808331)},{Name="Right Arm",CFrame=CFrame.new(1.52863348, 0.382553965, -1.03171229, 0.590066552, 0.0261792503, 0.806930184, 0.784811258, 0.215936825, -0.580897689, -0.189453512, 0.976056218, 0.106871322)},{Name="Head",CFrame=CFrame.new(0.0558172017, 1.49665129, 0.0148745673, 0.993618309, 0.111641079, 0.016095411, -0.1110911, 0.993302524, -0.0317627788, -0.0195336603, 0.0297720227, 0.999365747)},{Name="Right Leg",CFrame=CFrame.new(0.807391584, -1.94823611, -0.293158054, 0.843239188, -0.203614831, -0.49748233, 0.310881585, 0.939731658, 0.142324999, 0.438520581, -0.274672091, 0.85571903)},{Name="Left Arm",CFrame=CFrame.new(-1.8108139, 0.775061607, 0.334721297, -0.154746279, 0.984058559, 0.0876473337, -0.926448107, -0.113726832, -0.35883078, -0.343142748, -0.136728466, 0.929278374)}
			}
		},{
			Time=2.5999999046325684,
			CFrames={
