local TheFullScriptName = "Nooby and STEVE's Brookscriptven V2";

local guiItself = Instance.new("ScreenGui", script.Name == "ExploitScript" and game.Players.LocalPlayer.PlayerGui or game.CoreGui)
guiItself.ResetOnSpawn = false
guiItself.IgnoreGuiInset = true
guiItself.Name = "WOAH THE INTRO IS SOO COOL YOU WILL BE ENTERTAINED"
if script.Name == "ExploitScript" then
	getsynasset = function()return "rbxassetid://13027875405"end
	httprequest = function()wait(1)end
	writefile = function()wait()end
	readfile = function()wait()end
	isfile = function()wait()return false;end
else
	httprequest = function(linkget)
		return game:HttpGet(linkget)
	end
end

-- Local Play Sound
local playSoundLocal = function(soundId, volume, pitch)
	local audioInst = Instance.new("Sound", game.Players.LocalPlayer.PlayerGui)
	audioInst.Name = math.random(10000000, 99999999)
	audioInst.SoundId = soundId
	audioInst.Volume = volume
	audioInst.PlaybackSpeed = pitch
	audioInst:Play()
	audioInst.Ended:Connect(function() audioInst:Destroy() end)
end

local AllIntrosMade = {
	{
		Name = "PreparatoryIntro",
		BoxColor = Color3.new(255, 251, 130),
		RequiresGetSyn = false,
		AnimationFunction = (function(workplace)
			local isDone = false
			local isNamed = false
			local IntroName = workplace.IntroName
			spawn(function()
				while not isDone do
					game["Run Service"].RenderStepped:Wait()
					local UpperCornerThing, _ = workplace.CurrentCamera:WorldToViewportPoint(workplace.FloorBox.Position + (workplace.FloorBox.Size * Vector3.new(0.25, 0.5, -0.5)))
					local LowerCornerThing, _ = workplace.CurrentCamera:WorldToViewportPoint(workplace.FloorBox.Position + (workplace.FloorBox.Size * Vector3.new(-0.25, -0.5, -0.5)))
					IntroName.Position = UDim2.new(UpperCornerThing.X, 0, UpperCornerThing.Y, 0)
					IntroName.Size = UDim2.new(LowerCornerThing.X - UpperCornerThing.X, 0, LowerCornerThing.Y - UpperCornerThing.Y, 0)
				end
			end)
			for _,v in pairs(workplace.STEVE:GetDescendants()) do
				if v:IsA("BasePart") and v.Transparency ~= 1 then
					v.Transparency = 1
					game.TweenService:Create(v, TweenInfo.new(1, Enum.EasingStyle.Linear, Enum.EasingDirection.InOut, 0, false, 0), {Transparency = 0}):Play()
				end
			end
			local SCRIPT = Instance.new("Part", workplace.STEVE)
			SCRIPT.Name = "le script that is running rn cuz roblox funee"
			SCRIPT.Size = Vector3.new(2.219, 3.124, 1.04)
			SCRIPT.CFrame = CFrame.new(1.943, 1.132, -1.352) * CFrame.Angles(math.rad(-45), math.rad(22.5), 0)
			local SCRIPTM = Instance.new("SpecialMesh", SCRIPT)
			SCRIPTM.MeshId = "rbxassetid://6902080061"
			SCRIPTM.TextureId = "rbxassetid://6902080095"
			SCRIPTM.Scale = Vector3.one * 1.5
			workplace.STEVE["HumanoidRootPart"].CFrame = CFrame.new(3.09200001, 1, -0.477999926, 0.707106769, 0, 0.707106769, 0, 1, 0, -0.707106769, 0, 0.707106769)
			workplace.STEVE["Torso"].CFrame = CFrame.new(3.09200001, 1, -0.477999926, 0.707106769, 0, 0.707106769, 0, 1, 0, -0.707106769, 0, 0.707106769)
			workplace.STEVE["Left Arm"].CFrame = CFrame.new(1.68458021, 1.40245509, 0.235900253, 0.70710665, 0.693519831, 0.137949705, 0, 0.195090353, -0.980785131, -0.70710665, 0.693519831, 0.137949705)
			workplace.STEVE["Right Arm"].CFrame = CFrame.new(3.80590081, 1.40245509, -1.88541985, 0.70710665, 0.693519831, 0.137949705, 0, 0.195090353, -0.980785131, -0.70710665, 0.693519831, 0.137949705)
			workplace.STEVE["Left Leg"].CFrame = CFrame.new(2.73844671, -1, -0.124446541, 0.707106769, 0, 0.707106769, 0, 1, 0, -0.707106769, 0, 0.707106769)
			workplace.STEVE["Right Leg"].CFrame = CFrame.new(3.4455533, -1, -0.83155334, 0.707106769, 0, 0.707106769, 0, 1, 0, -0.707106769, 0, 0.707106769)
			workplace.STEVE["Head"].CFrame = CFrame.new(3.09200001, 2.5, -0.477999806, 0.707106709, -0.13794969, 0.693519831, 0, 0.980785251, 0.195090324, -0.707106709, -0.13794969, 0.693519831)
			workplace.STEVE["Head"]["Handle"].CFrame = CFrame.new(3.061656, 2.74072599, -0.512894928, 0.70710659, -0.13794969, 0.693519711, 0, 0.980785251, 0.195090279, -0.70710659, -0.13794969, 0.693519711)
			workplace.STEVE["le script that is running rn cuz roblox funee"].CFrame = CFrame.new(1.83817029, 1.25108254, -1.80337119, -0.707107067, -0.392847359, -0.587937593, 2.38418579e-07, 0.831469476, -0.555570483, 0.70710659, -0.392847896, -0.587937772)
			spawn(function()
				local allNames = {"My script name here???", "probably ballerifier", "insert perfect name", "cool nooby and steve script", "TERRATECH HACKING", "flipper zero momento", "we are god puhahaha?", "god fe admin script brookhaven real", "Free robux", "hello this is steve's script", "nooby is lazy lol", "do i really have to name the script?", "wow how wowderful", "i cant think of any title in this scenario", "nooby's epic script :D", "tubers93 moment", "were friends, really friends", game.Players.LocalPlayer.Name.." is reading this, real!"}
				local TweenPlaying = false
				local TweenCreated = function()
					TweenPlaying = true
					game.TweenService:Create(workplace.STEVE["HumanoidRootPart"], TweenInfo.new(0.75, Enum.EasingStyle.Cubic, Enum.EasingDirection.InOut, 0, true, 0), {CFrame = CFrame.new(3.09200001, 1, -0.477999926, 0.707106769, 0, 0.707106769, 0, 1, 0, -0.707106769, 0, 0.707106769)}):Play()
					game.TweenService:Create(workplace.STEVE["Torso"], TweenInfo.new(0.75, Enum.EasingStyle.Cubic, Enum.EasingDirection.InOut, 0, true, 0), {CFrame = CFrame.new(3.09200001, 1, -0.477999926, 0.707106769, 0, 0.707106769, 0, 1, 0, -0.707106769, 0, 0.707106769)}):Play()
					game.TweenService:Create(workplace.STEVE["Left Arm"], TweenInfo.new(0.75, Enum.EasingStyle.Cubic, Enum.EasingDirection.InOut, 0, true, 0), {CFrame = CFrame.new(1.68458021, 1.40245509, 0.235900253, 0.70710665, 0.693519831, 0.137949705, 0, 0.195090353, -0.980785131, -0.70710665, 0.693519831, 0.137949705)}):Play()
					game.TweenService:Create(workplace.STEVE["Right Arm"], TweenInfo.new(0.75, Enum.EasingStyle.Cubic, Enum.EasingDirection.InOut, 0, true, 0), {CFrame = CFrame.new(3.97180295, 2.15105343, -1.40029359, 0.60049051, 0.255099595, -0.757849276, 0.375330329, -0.926776707, -0.0145651102, -0.706072688, -0.275697589, -0.652267039)}):Play()
					game.TweenService:Create(workplace.STEVE["Left Leg"], TweenInfo.new(0.75, Enum.EasingStyle.Cubic, Enum.EasingDirection.InOut, 0, true, 0), {CFrame = CFrame.new(2.73844671, -1, -0.124446541, 0.707106769, 0, 0.707106769, 0, 1, 0, -0.707106769, 0, 0.707106769)}):Play()
					game.TweenService:Create(workplace.STEVE["Right Leg"], TweenInfo.new(0.75, Enum.EasingStyle.Cubic, Enum.EasingDirection.InOut, 0, true, 0), {CFrame = CFrame.new(3.4455533, -1, -0.83155334, 0.707106769, 0, 0.707106769, 0, 1, 0, -0.707106769, 0, 0.707106769)}):Play()
					game.TweenService:Create(workplace.STEVE["Head"], TweenInfo.new(0.75, Enum.EasingStyle.Cubic, Enum.EasingDirection.InOut, 0, true, 0), {CFrame = CFrame.new(3.09200001, 2.5, -0.477999687, 0.70710659, -0.270598054, 0.653281271, 0, 0.923879445, 0.382683337, -0.70710659, -0.270598054, 0.653281271)}):Play()
					game.TweenService:Create(workplace.STEVE["Head"]["Handle"], TweenInfo.new(0.75, Enum.EasingStyle.Cubic, Enum.EasingDirection.InOut, 0, true, 0), {CFrame = CFrame.new(3.02907419, 2.72710109, -0.545475781, 0.707105756, -0.270597965, 0.653280437, 0, 0.923879206, 0.38268292, -0.707105756, -0.270597935, 0.653280377)}):Play()
					game.TweenService:Create(workplace.STEVE["le script that is running rn cuz roblox funee"], TweenInfo.new(0.75, Enum.EasingStyle.Cubic, Enum.EasingDirection.InOut, 0, true, 0), {CFrame = CFrame.new(1.83817029, 1.25108254, -1.80337119, -0.707107067, -0.392847359, -0.587937593, 2.38418579e-07, 0.831469476, -0.555570483, 0.70710659, -0.392847896, -0.587937772)}):Play()
					spawn(function()
						wait(1.5)
						TweenPlaying = false
					end)
				end
				while not isNamed do
					game["Run Service"].RenderStepped:Wait()
					if not TweenPlaying and math.random(0, 100) == 0 then
						TweenCreated()
						playSoundLocal("rbxassetid://12222076", 2, math.random(90, 110) / 100)
						spawn(function()
							local Named = allNames[math.random(1, #allNames)]
							for i=1, Named:len() do
								IntroName.Text = Named:sub(1, i)
								playSoundLocal("rbxasset://sounds/SWITCH3.wav", 0.5, math.random(90, 110) / 100)
								wait(1/Named:len())
							end
						end)
					end
				end
				wait(2)
				TweenCreated()
				playSoundLocal("rbxassetid://12222076", 2, math.random(90, 110) / 100)
				wait(0.2)
				local realName = TheFullScriptName
				for i=1, realName:len() do
					IntroName.Text = realName:sub(1, i)
					playSoundLocal("rbxasset://sounds/SWITCH3.wav", 0.5, math.random(90, 110) / 100)
					wait(1/realName:len())
				end

			end)
			wait(math.random(50, 300) / 100)
			workplace.Nooby:PivotTo(CFrame.new(-2.5, -4.5, 5))
			playSoundLocal("rbxasset://sounds/bfsl-minifigfoots1.mp3", 5, 1)
			playSoundLocal("rbxasset://sounds/button.wav", 1, 1.25)
			for _,v in pairs(workplace.Nooby:GetDescendants()) do
				if v:IsA("BasePart") then
					game.TweenService:Create(v, TweenInfo.new(1, Enum.EasingStyle.Linear, Enum.EasingDirection.Out, 0, false, 0), {CFrame = v.CFrame + Vector3.new(0, 8, 0)}):Play()
				end
			end
			wait(1)
			playSoundLocal("rbxasset://sounds/button.wav", 1, 1)
			game.TweenService:Create(workplace.Nooby.Head, TweenInfo.new(0.5, Enum.EasingStyle.Sine, Enum.EasingDirection.InOut, 0, false, 0), {CFrame = CFrame.new(-2.5, 4.99, 4.902) * CFrame.Angles(math.rad(-10.384), math.rad(22.896), math.rad(-4.353))}):Play()
			game.TweenService:Create(workplace.Nooby["Left Arm"], TweenInfo.new(0.5, Enum.EasingStyle.Sine, Enum.EasingDirection.InOut, 0, false, 0), {CFrame = CFrame.new(-4.481, 4.195, 5) * CFrame.Angles(0, 0, math.rad(-101.25))}):Play()
			wait(0.5)
			playSoundLocal("rbxasset://sounds/bass.wav", 1, 1)
			local KeyboardRoot = Instance.new("Part", workplace)
			KeyboardRoot.Parent = workplace
			KeyboardRoot.CFrame = CFrame.new(-5.43600035, 6.30200148, 5.4000001, 0.98078531, 3.51837173e-08, 0.195090339, -0.195090339, -4.28714948e-08, 0.98078531, 4.28714806e-08, -1, -3.51837279e-08)
			KeyboardRoot.Position = Vector3.new(-66.084, 5.558, 4.746)
			KeyboardRoot.Size = Vector3.new(1.753, 0.5, 6.356)
			local KBROOTM = Instance.new("SpecialMesh", KeyboardRoot)
			KBROOTM.MeshId = "rbxassetid://5367740648"
			KBROOTM.Scale = Vector3.new(0.115, 0.15, 0.127)
			game.TweenService:Create(KeyboardRoot, TweenInfo.new(0.5, Enum.EasingStyle.Sine, Enum.EasingDirection.In, 0, false, 0), {Position = Vector3.new(-6.084, 5.558, 4.746)}):Play()
			playSoundLocal("rbxassetid://12222200", 1, 1)
			playSoundLocal("rbxasset://sounds/hit.wav", 0.3, 1)
			wait(0.5)
			playSoundLocal("rbxasset://sounds/snap.wav", 1, 1)
			playSoundLocal("rbxasset://sounds/Kid saying Ouch.wav", 1, 1)
			game.TweenService:Create(KeyboardRoot, TweenInfo.new(0.5, Enum.EasingStyle.Elastic, Enum.EasingDirection.Out, 0, false, 0), {Position = Vector3.new(-5.584, 5.558, 4.746)}):Play()
			for _,v in pairs(workplace.Nooby:GetDescendants()) do
				if v:IsA("BasePart") then
					game.TweenService:Create(v, TweenInfo.new(0.5, Enum.EasingStyle.Elastic, Enum.EasingDirection.Out, 0, false, 0), {CFrame = v.CFrame + Vector3.new(0.5, 0, 0)}):Play()
				end
			end
			wait(0.75)
			playSoundLocal("rbxasset://sounds/splat.wav", 1, 1)
			game.TweenService:Create(workplace.Nooby["Head"], TweenInfo.new(0.5, Enum.EasingStyle.Cubic, Enum.EasingDirection.InOut, 0, false, 0), {CFrame = CFrame.new(-2.51612663, 7.0410409, 5.5090971, 0.999424458, -0.0322519578, 0.0105408812, 0.0324367471, 0.999314547, -0.0178576913, -0.00995770842, 0.0181893259, 0.999784946)}):Play()
			game.TweenService:Create(workplace.Nooby["Torso"], TweenInfo.new(0.5, Enum.EasingStyle.Cubic, Enum.EasingDirection.InOut, 0, false, 0), {CFrame = CFrame.new(-2.5, 5.50001478, 5.5, 1, -2.64422108e-25, 0, -2.63222768e-25, 1, -2.64773842e-23, 0, 2.64819533e-23, 1)}):Play()
			game.TweenService:Create(workplace.Nooby["Right Arm"], TweenInfo.new(0.5, Enum.EasingStyle.Cubic, Enum.EasingDirection.InOut, 0, false, 0), {CFrame = CFrame.new(-1, 6.41575003, 5.2222147, 1, -1.3556338e-28, -1.67436091e-29, -9.87660871e-29, -0.831469655, -0.555570185, 5.581272e-30, 0.555570185, -0.831469655)}):Play()
			game.TweenService:Create(workplace.Nooby["Right Leg"], TweenInfo.new(0.5, Enum.EasingStyle.Cubic, Enum.EasingDirection.InOut, 0, false, 0), {CFrame = CFrame.new(-2.00000405, 3.94443202, 4.6685195, 1, -7.98486894e-08, 2.00761224e-06, 1.71363126e-06, 0.555569291, -0.831470251, -1.04897595e-06, 0.831470191, 0.555569291)}):Play()
			game.TweenService:Create(workplace.Nooby["HumanoidRootPart"], TweenInfo.new(0.5, Enum.EasingStyle.Cubic, Enum.EasingDirection.InOut, 0, false, 0), {CFrame = CFrame.new(-2.5, 5.50001478, 5.5, 1, -1.91656074e-25, 0, -1.9167338e-25, 1, -2.64702592e-23, 0, 2.64696439e-23, 1)}):Play()
			game.TweenService:Create(workplace.Nooby["Left Leg"], TweenInfo.new(0.5, Enum.EasingStyle.Cubic, Enum.EasingDirection.InOut, 0, false, 0), {CFrame = CFrame.new(-3.00000548, 3.944453, 4.66853619, 1, -5.11263522e-07, 5.72383613e-07, 7.5996229e-07, 0.555570185, -0.831469774, 1.07100867e-07, 0.831469715, 0.555570126)}):Play()
			game.TweenService:Create(workplace.Nooby["Left Arm"], TweenInfo.new(0.5, Enum.EasingStyle.Cubic, Enum.EasingDirection.InOut, 0, false, 0), {CFrame = CFrame.new(-4, 6.41575003, 5.2222147, 1, -3.51046142e-29, -1.67436091e-29, -3.84906729e-29, -0.831469655, -0.555570185, 5.581272e-30, 0.555570185, -0.831469655)}):Play()
			game.TweenService:Create(KeyboardRoot, TweenInfo.new(0.5, Enum.EasingStyle.Cubic, Enum.EasingDirection.InOut, 0, false, 0), {CFrame = CFrame.new(-2.4360013, 4.88778734, 3.98578596, 3.15612887e-08, -2.04134469e-08, 1, 0.707106709, 0.707106888, -7.88271226e-09, -0.707106829, 0.707106709, 3.67516897e-08)}):Play()
			local TextBoxNooby = Instance.new("TextLabel", workplace)
			TextBoxNooby.Position = UDim2.new(0, 0, 1, 0)
			TextBoxNooby.Size = UDim2.new(1, 0, 0, 16)
			TextBoxNooby.TextScaled = true
			TextBoxNooby.TextXAlignment = Enum.TextXAlignment.Left
			TextBoxNooby.Font = Enum.Font.Code
			TextBoxNooby.AnchorPoint = Vector2.new(0, 1)
			TextBoxNooby.BackgroundColor3 = Color3.new(0.5, 0.5, 0.5)
			TextBoxNooby.Text = "  Run a command"
			TextBoxNooby.BackgroundTransparency = 1
			TextBoxNooby.TextTransparency = 1
			game.TweenService:Create(TextBoxNooby, TweenInfo.new(0.5, Enum.EasingStyle.Linear, Enum.EasingDirection.InOut, 0, false, 0), {BackgroundTransparency = 0, TextTransparency = 0}):Play()
			wait(0.75)
			TextBoxNooby.Text = "  _"
			wait(0.25)
			local LeftArmTyping = {
				CFrame.new(-4, 5.80867338, 5.03806019, 1, -1.86048775e-29, -2.78436025e-29, -9.58732967e-30, 0.382683367, -0.923879504, -1.88122975e-30, 0.923879504, 0.382683367),
				CFrame.new(-3.77059841, 5.75001526, 4.89644623, 0.923879564, -0.382683396, 0, 0.146446586, 0.353553325, -0.923879445, 0.353553385, 0.853553236, 0.382683307),
				CFrame.new(-3.89284754, 6.11471748, 4.92335987, 0.980785251, -0.195090428, 1.2293458e-07, -0.0380601548, -0.191341832, -0.980785251, 0.191341847, 0.961939812, -0.195090443)
			}
			local RiteArmTyping = {
				CFrame.new(-1, 5.80867338, 5.03806019, 1, -9.62216628e-29, -1.65563847e-29, -4.66097375e-29, 0.382683367, -0.923879504, -5.76931093e-29, 0.923879504, 0.382683367),
				CFrame.new(-1.2294023, 5.75001478, 4.8964467, 0.923879445, 0.382683456, 4.47034836e-08, -0.146446541, 0.353553414, -0.923879683, -0.353553355, 0.853553593, 0.382683516),
				CFrame.new(-1.10715246, 6.11471558, 4.92335844, 0.980785251, 0.195090339, 3.7252903e-09, 0.0380602516, -0.191341788, -0.980785429, -0.191341728, 0.961939752, -0.195090398)
			}
			playSoundLocal("rbxasset://sounds/swordlunge.wav", 1, 1)
			local commandToRunFake = "workspace.FloorBox.Color = Color3.new(1, 1, 1)"
			for i=1, string.len(commandToRunFake) do
				workplace.Nooby["Left Arm"].CFrame = LeftArmTyping[math.random(1, #LeftArmTyping)]
				workplace.Nooby["Right Arm"].CFrame = RiteArmTyping[math.random(1, #RiteArmTyping)]
				KeyboardRoot.Position = Vector3.new(-2.4360013, 4.88778734 - (math.random(0, 100) / 200), 3.98578596)
				local char = commandToRunFake:sub(i, i)
				if char == " " then
					spawn(function()
						playSoundLocal("rbxasset://sounds/snap.wav", 1, math.random(190, 210) / 100)
						TextBoxNooby.Text = "  "..commandToRunFake:sub(1, i).."_"
						wait(0.1)
						playSoundLocal("rbxasset://sounds/SWITCH3.wav", 1, math.random(90, 110) / 100)
					end)
					wait(0.3)
				elseif char == "(" or char == ")" then
					spawn(function()
						playSoundLocal("rbxasset://sounds/switch.wav", 1, math.random(90, 110) / 100)
						wait(0.25)
						playSoundLocal("rbxasset://sounds/switch.wav", 1, math.random(90, 110) / 100)
						TextBoxNooby.Text = "  "..commandToRunFake:sub(1, i).."_"
						wait(0.1)
						playSoundLocal("rbxasset://sounds/switch.wav", 1, math.random(90, 110) / 100)
					end)
					wait(0.5)
				else
					playSoundLocal("rbxasset://sounds/switch.wav", 1, math.random(90, 110) / 100)
					TextBoxNooby.Text = "  "..commandToRunFake:sub(1, i).."_"
					wait(0.1)
				end
			end
			playSoundLocal("rbxasset://sounds/snap.wav", 1, math.random(190, 210) / 100)
			TextBoxNooby.BackgroundColor3 = Color3.new(0, 0.666667, 1)
			workplace.Nooby["Left Arm"].CFrame = LeftArmTyping[3]
			workplace.Nooby["Right Arm"].CFrame = RiteArmTyping[3]
			KeyboardRoot.Position = Vector3.new(-2.4360013, 4.88778734, 3.98578596)
			local ChangingColorDuration = 0
			while ChangingColorDuration < 1 do
				ChangingColorDuration += game["Run Service"].RenderStepped:Wait()
				playSoundLocal("rbxasset://sounds/SWITCH3.wav", 1, math.random(90, 110) / 100)
				workplace.FloorBox.Color = BrickColor.random().Color
			end
			while ChangingColorDuration < 2 do
				for i=1, 2 do
					ChangingColorDuration += game["Run Service"].RenderStepped:Wait()
				end
				playSoundLocal("rbxasset://sounds/SWITCH3.wav", 1, math.random(90, 110) / 100)
				workplace.FloorBox.Color = BrickColor.random().Color
			end
			while ChangingColorDuration < 3 do
				for i=1, 4 do
					ChangingColorDuration += game["Run Service"].RenderStepped:Wait()
				end
				playSoundLocal("rbxasset://sounds/SWITCH3.wav", 1, math.random(90, 110) / 100)
				workplace.FloorBox.Color = BrickColor.random().Color
			end
			for i=1, 5 do
				wait(0.25)
				playSoundLocal("rbxasset://sounds/SWITCH3.wav", 1, math.random(90, 110) / 100)
				workplace.FloorBox.Color = BrickColor.random().Color
			end
			playSoundLocal("rbxasset://sounds/SWITCH3.wav", 1, math.random(90, 110) / 100)
			workplace.FloorBox.Color = Color3.new(1, 1, 1)
			wait(0.2)
			playSoundLocal("rbxasset://sounds/victory.wav", 1, 1)
			local chatClock = 0
			spawn(function()
				local NoobyChat = (function(name, target)
					local FrameChatList = Instance.new("Frame", workplace)
					FrameChatList.Name = "BubbleChat-"..name
					FrameChatList.AnchorPoint = Vector2.new(0.5, 1)
					FrameChatList.Size = UDim2.new(0, 100, 0, 100)
					FrameChatList.BackgroundTransparency = 1
					spawn(function()
						while not isDone do
							game["Run Service"].RenderStepped:Wait()
							local lol, _ = workplace.CurrentCamera:WorldToViewportPoint(workplace.Nooby["Head"].Position + Vector3.new(0, 2, 0))
							FrameChatList.Position = UDim2.new(lol.X, 0, lol.Y, 0)
						end
					end)
					local temp = Instance.new("UIPadding", FrameChatList)
					temp.PaddingBottom = UDim.new(0, 8)
					temp.PaddingTop = UDim.new(0, 0)
					temp.PaddingLeft = UDim.new(0, 0)
					temp.PaddingRight = UDim.new(0, 0)
					local temp = Instance.new("UIListLayout", FrameChatList)
					temp.Padding = UDim.new(0, 6)
					temp.FillDirection = Enum.FillDirection.Vertical
					temp.HorizontalAlignment = Enum.HorizontalAlignment.Center
					temp.SortOrder = Enum.SortOrder.LayoutOrder
					temp.VerticalAlignment = Enum.VerticalAlignment.Bottom
					return FrameChatList
				end)("Nooby", workplace.Nooby.Head)
				local STEVEChat = (function(name, target)
					local FrameChatList = Instance.new("Frame", workplace)
					FrameChatList.Name = "BubbleChat-"..name
					FrameChatList.AnchorPoint = Vector2.new(0.5, 1)
					FrameChatList.Size = UDim2.new(0, 100, 0, 100)
					FrameChatList.BackgroundTransparency = 1
					spawn(function()
						while not isDone do
							game["Run Service"].RenderStepped:Wait()
							local lol, _ = workplace.CurrentCamera:WorldToViewportPoint(workplace.STEVE["Head"].Position + Vector3.new(0, 2, 0))
							FrameChatList.Position = UDim2.new(lol.X, 0, lol.Y, 0)
						end
					end)
					local temp = Instance.new("UIPadding", FrameChatList)
					temp.PaddingBottom = UDim.new(0, 8)
					temp.PaddingTop = UDim.new(0, 0)
					temp.PaddingLeft = UDim.new(0, 0)
					temp.PaddingRight = UDim.new(0, 0)
					local temp = Instance.new("UIListLayout", FrameChatList)
					temp.Padding = UDim.new(0, 6)
					temp.FillDirection = Enum.FillDirection.Vertical
					temp.HorizontalAlignment = Enum.HorizontalAlignment.Center
					temp.SortOrder = Enum.SortOrder.LayoutOrder
					temp.VerticalAlignment = Enum.VerticalAlignment.Bottom
					return FrameChatList
				end)("STEVE", workplace.STEVE.Head)
				while not isDone do
					chatClock += game["Run Service"].RenderStepped:Wait()
					for _,chat in pairs(NoobyChat:GetChildren()) do
						if chat.Name == "epic bubble chat lol" then
							if chatClock - chat.Value.Value > 5 and chat:FindFirstChild("IsClosing") == nil then
								Instance.new("BoolValue", chat).Name = "IsClosing"
								game.TweenService:Create(chat, TweenInfo.new(0.5, Enum.EasingStyle.Sine, Enum.EasingDirection.Out, 0, false, 0), {Size = UDim2.new(0, 0, 0, 0)}):Play()
								spawn(function()
									wait(0.5)
									chat:Destroy()
								end)
							end
						end
					end
					for _,chat in pairs(STEVEChat:GetChildren()) do
						if chat.Name == "epic bubble chat lol" then
							if chatClock - chat.Value.Value > 5 and chat:FindFirstChild("IsClosing") == nil then
								Instance.new("BoolValue", chat).Name = "IsClosing"
								game.TweenService:Create(chat, TweenInfo.new(0.5, Enum.EasingStyle.Sine, Enum.EasingDirection.Out, 0, false, 0), {Size = UDim2.new(0, 0, 0, 0)}):Play()
								spawn(function()
									wait(0.5)
									chat:Destroy()
								end)
							end
						end
					end
				end
				for _,chat in pairs(NoobyChat:GetChildren()) do
					if chat.Name == "epic bubble chat lol" then
						game.TweenService:Create(chat, TweenInfo.new(0.5, Enum.EasingStyle.Sine, Enum.EasingDirection.Out, 0, false, 0), {Size = UDim2.new(0, 0, 0, 0)}):Play()
						spawn(function()
							wait(0.5)
							chat:Destroy()
						end)
					end
				end
				for _,chat in pairs(STEVEChat:GetChildren()) do
					if chat.Name == "epic bubble chat lol" then
						game.TweenService:Create(chat, TweenInfo.new(0.5, Enum.EasingStyle.Sine, Enum.EasingDirection.Out, 0, false, 0), {Size = UDim2.new(0, 0, 0, 0)}):Play()
						spawn(function()
							wait(0.5)
							chat:Destroy()
						end)
					end
				end
				wait(2)
				NoobyChat:Destroy()
				STEVEChat:Destroy()
			end)
			local chatPerson = function(person, text)
				local BubbleChatFrame = workplace:FindFirstChild("BubbleChat-"..person)
				local NewBubbleChat = Instance.new("Frame", BubbleChatFrame)
				local textsize = game.TextService:GetTextSize(text, 16, Enum.Font.GothamMedium, Vector2.new(99999, 50)).X + 25
				NewBubbleChat.Name = "epic bubble chat lol"
				NewBubbleChat.AnchorPoint = Vector2.new(0.5, 0.5)
				NewBubbleChat.Size = UDim2.new(0, textsize, 0, 0)
				NewBubbleChat.LayoutOrder = chatClock
				NewBubbleChat.Transparency = 1
				NewBubbleChat.BackgroundColor3 = Color3.fromRGB(163, 162, 165)
				Instance.new("NumberValue", NewBubbleChat).Value = chatClock
				game.TweenService:Create(NewBubbleChat, TweenInfo.new(0.5, Enum.EasingStyle.Sine, Enum.EasingDirection.Out, 0, false, 0), {Size = UDim2.new(0, textsize, 0, 32)}):Play()
				local temp = Instance.new("UIListLayout", NewBubbleChat)
				temp.Padding = UDim.new(0, -1)
				temp.FillDirection = Enum.FillDirection.Vertical
				temp.HorizontalAlignment = Enum.HorizontalAlignment.Center
				temp.SortOrder = Enum.SortOrder.LayoutOrder
				temp.VerticalAlignment = Enum.VerticalAlignment.Top
				local chat = Instance.new("ImageLabel", NewBubbleChat)
				chat.BackgroundTransparency = 0.1
				chat.ImageTransparency = 0.1
				chat.LayoutOrder = 1
				chat.Size = UDim2.new(1, 0, 1, 0)
				chat.BackgroundColor3 = Color3.fromRGB(250, 250, 250)
				local temp = Instance.new("UIPadding", chat)
				temp.PaddingLeft = UDim.new(0, 8)
				temp.PaddingRight = UDim.new(0, 8)
				temp.PaddingBottom = UDim.new(0, 8)
				temp.PaddingTop = UDim.new(0, 8)
				local temp = Instance.new("UICorner", chat)
				temp.CornerRadius = UDim.new(0, 12)
				local temp = Instance.new("UIListLayout", chat)
				temp.Padding = UDim.new(0, 8)
				temp.FillDirection = Enum.FillDirection.Horizontal
				temp.HorizontalAlignment = Enum.HorizontalAlignment.Left
				temp.SortOrder = Enum.SortOrder.LayoutOrder
				temp.VerticalAlignment = Enum.VerticalAlignment.Bottom
				local temp = Instance.new("TextLabel", chat)
				temp.AnchorPoint = Vector2.new(0.5, 0.5)
				temp.Size = UDim2.new(1, 0, 1, 0)
				temp.Font = Enum.Font.GothamMedium
				temp.TextWrapped = true
				temp.Text = text
				temp.TextSize = 16
				temp.TextTransparency = 0.1
				temp.TextColor3 = Color3.fromRGB(57, 59, 61)
				temp.BackgroundTransparency = 1
				local temp = Instance.new("ImageLabel", NewBubbleChat)
				temp.LayoutOrder = 2
				temp.Size = UDim2.new(0, 9, 0, 6)
				temp.Image = "rbxasset://textures/ui/InGameChat/Caret.png"
				temp.ImageColor3 = Color3.fromRGB(250, 250, 250)
				temp.BackgroundTransparency = 1
			end
			wait(1)
			TextBoxNooby.BackgroundColor3 = Color3.new(0.5, 0.5, 0.5)
			TextBoxNooby.Text = "  Run a command"
			chatPerson("Nooby", "yo im done :)")
			playSoundLocal("rbxasset://sounds/button.wav", 1, 1)
			wait(0.2)
			game.TweenService:Create(TextBoxNooby, TweenInfo.new(0.5, Enum.EasingStyle.Linear, Enum.EasingDirection.InOut, 0, false, 0), {BackgroundTransparency = 1, TextTransparency = 1}):Play()
			game.TweenService:Create(KeyboardRoot, TweenInfo.new(5, Enum.EasingStyle.Cubic, Enum.EasingDirection.In, 0, false, 0), {Position = KeyboardRoot.Position + Vector3.new(50, 0, 0)}):Play()
			wait(2.8)
			chatPerson("Nooby", "ur still not done :D")
			playSoundLocal("rbxasset://sounds/button.wav", 1, 1.25)
			game.TweenService:Create(workplace.Nooby["Head"], TweenInfo.new(0.5, Enum.EasingStyle.Cubic, Enum.EasingDirection.InOut, 0, false, 0), {CFrame = CFrame.new(-2.44760799, 7.03490973, 5.43927431, 0.835453391, 0.104783989, -0.539479434, -0.02111849, 0.987050831, 0.159011722, 0.549155593, -0.121453926, 0.826847672)}):Play()
			game.TweenService:Create(workplace.Nooby["Torso"], TweenInfo.new(0.5, Enum.EasingStyle.Cubic, Enum.EasingDirection.InOut, 0, false, 0), {CFrame = CFrame.new(-2.5, 5.50001478, 5.5, 1, 8.63014755e-26, 0, -8.63014755e-26, 1, -2.64822373e-23, 0, 2.64822373e-23, 1)}):Play()
			game.TweenService:Create(workplace.Nooby["Right Arm"], TweenInfo.new(0.5, Enum.EasingStyle.Cubic, Enum.EasingDirection.InOut, 0, false, 0), {CFrame = CFrame.new(-0.908407211, 5.62983274, 5.38605833, 0.954514265, -0.228670731, 0.191341877, 0.232276559, 0.972643495, 0.00367664918, -0.186947837, 0.0409350581, 0.981517375)}):Play()
			game.TweenService:Create(workplace.Nooby["Right Leg"], TweenInfo.new(0.5, Enum.EasingStyle.Cubic, Enum.EasingDirection.InOut, 0, false, 0), {CFrame = CFrame.new(-1.80491233, 3.59387445, 5.87531948, 0.980785012, -0.195091501, 1.71363354e-07, 0.180240989, 0.906127393, 0.382683337, -0.0746584162, -0.375330091, 0.923879683)}):Play()
			game.TweenService:Create(workplace.Nooby["HumanoidRootPart"], TweenInfo.new(0.5, Enum.EasingStyle.Cubic, Enum.EasingDirection.InOut, 0, false, 0), {CFrame = CFrame.new(-2.5, 5.50001478, 5.5, 1, -1.91656074e-25, 0, -1.9167338e-25, 1, -2.64702592e-23, 0, 2.64696439e-23, 1)}):Play()
			game.TweenService:Create(workplace.Nooby["Left Leg"], TweenInfo.new(0.5, Enum.EasingStyle.Cubic, Enum.EasingDirection.InOut, 0, false, 0), {CFrame = CFrame.new(-3.19509625, 3.59389448, 5.87533569, 0.98078531, 0.195089921, -2.30967999e-07, -0.180239543, 0.906127572, 0.38268292, 0.0746577904, -0.375329763, 0.923879743)}):Play()
			game.TweenService:Create(workplace.Nooby["Left Arm"], TweenInfo.new(0.5, Enum.EasingStyle.Cubic, Enum.EasingDirection.InOut, 0, false, 0), {CFrame = CFrame.new(-4.09159279, 5.6298337, 5.38605928, 0.954514503, 0.228670567, -0.191341951, -0.232276499, 0.972643077, 0.0036765188, 0.186947986, 0.0409349389, 0.981516838)}):Play()
			wait(0.5)
			chatPerson("STEVE", "im still thinking :/")
			playSoundLocal("rbxasset://sounds/button.wav", 1, 2)
			wait(2.5)
			chatPerson("Nooby", "name it Brookscriptven V2 :o")
			playSoundLocal("rbxasset://sounds/button.wav", 1, 1.125)
			wait(2)
			chatPerson("STEVE", "wow ur so smart :O")
			playSoundLocal("rbxasset://sounds/button.wav", 1, 1.25)
			wait(1.5)
			chatPerson("Nooby", "thanks ;P")
			playSoundLocal("rbxasset://sounds/button.wav", 1, 1)
			wait(0.5)
			chatPerson("STEVE", "im gonna name it wait :)")
			playSoundLocal("rbxasset://sounds/button.wav", 1, 1)
			isNamed = true
			KeyboardRoot:Destroy()
			wait(4)
			chatPerson("STEVE", "see im good at designing :P")
			playSoundLocal("rbxasset://sounds/button.wav", 1, 0.875)
			game.TweenService:Create(workplace.STEVE["HumanoidRootPart"], TweenInfo.new(1, Enum.EasingStyle.Cubic, Enum.EasingDirection.InOut, 0, false, 0), {CFrame = CFrame.new(3.09200001, 1, -0.477999926, 0.555570185, 0, 0.831469595, 0, 1, 0, -0.831469595, 0, 0.555570185)}):Play()
			game.TweenService:Create(workplace.STEVE["Torso"], TweenInfo.new(1, Enum.EasingStyle.Cubic, Enum.EasingDirection.InOut, 0, false, 0), {CFrame = CFrame.new(3.09200001, 1, -0.477999926, 0.555570185, 0, 0.831469595, 0, 1, 0, -0.831469595, 0, 0.555570185)}):Play()
			game.TweenService:Create(workplace.STEVE["Left Arm"], TweenInfo.new(1, Enum.EasingStyle.Cubic, Enum.EasingDirection.InOut, 0, false, 0), {CFrame = CFrame.new(1.77956879, 1.26657772, 0.441669136, 0.576541126, 0.741755962, 0.342634767, -0.0507084653, 0.451021194, -0.891071618, -0.815493166, 0.496364921, 0.297645569)}):Play()
			game.TweenService:Create(workplace.STEVE["Right Arm"], TweenInfo.new(1, Enum.EasingStyle.Cubic, Enum.EasingDirection.InOut, 0, false, 0), {CFrame = CFrame.new(3.46170235, 1.096524, -1.98983669, 0.517213225, 0.777408719, 0.35794726, -0.0781846568, 0.459401876, -0.884780884, -0.852277994, 0.429634362, 0.29839015)}):Play()
			game.TweenService:Create(workplace.STEVE["Left Leg"], TweenInfo.new(1, Enum.EasingStyle.Cubic, Enum.EasingDirection.InOut, 0, false, 0), {CFrame = CFrame.new(2.73844671, -1, -0.124446511, 0.707106709, 0, 0.707106709, 0, 1, 0, -0.707106709, 0, 0.707106709)}):Play()
			game.TweenService:Create(workplace.STEVE["Right Leg"], TweenInfo.new(1, Enum.EasingStyle.Cubic, Enum.EasingDirection.InOut, 0, false, 0), {CFrame = CFrame.new(3.44555354, -1, -0.83155328, 0.707106709, 0, 0.707106709, 0, 1, 0, -0.707106709, 0, 0.707106709)}):Play()
			game.TweenService:Create(workplace.STEVE["Head"], TweenInfo.new(1, Enum.EasingStyle.Cubic, Enum.EasingDirection.InOut, 0, false, 0), {CFrame = CFrame.new(3.05599451, 2.50572371, -0.442005605, -0.707112372, 0.146994293, 0.691651165, 2.36995356e-06, 0.978153586, -0.207881257, -0.70709914, -0.146993712, -0.691664398)}):Play()
			game.TweenService:Create(workplace.STEVE["Head"]["Handle"], TweenInfo.new(1, Enum.EasingStyle.Cubic, Enum.EasingDirection.InOut, 0, false, 0), {CFrame = CFrame.new(3.09092522, 2.74507689, -0.481481344, -0.707119405, 0.146966591, 0.691647291, 1.87009573e-06, 0.978161037, -0.207845271, -0.707090139, -0.146970019, -0.691675961)}):Play()
			game.TweenService:Create(workplace.STEVE["le script that is running rn cuz roblox funee"], TweenInfo.new(1, Enum.EasingStyle.Cubic, Enum.EasingDirection.InOut, 0, false, 0), {CFrame = CFrame.new(1.51531219, 0.779952407, -1.5221374, -0.575356066, -0.715808511, -0.395706445, 0.0975569859, 0.420291662, -0.902129531, 0.812064111, -0.557649553, -0.171985254)}):Play()
			wait(2)
			chatPerson("Nooby", "no you are not liar :3")
			playSoundLocal("rbxasset://sounds/button.wav", 1, 1)
			playSoundLocal("rbxassetid://8473033909", 1, 1)
			wait(2)
			chatPerson("STEVE", "anyways do the pose")
			playSoundLocal("rbxasset://sounds/button.wav", 1, 1)
			wait(1)
			game.TweenService:Create(workplace.STEVE["Head"], TweenInfo.new(1, Enum.EasingStyle.Cubic, Enum.EasingDirection.InOut, 0, false, 0), {CFrame = CFrame.new(3.09195781, 2.49999976, 0.522028387, 1.0000031, -5.48182371e-08, 3.67634385e-08, -1.01491294e-23, 0.923879504, 0.382683456, 1.49011772e-08, -0.382684618, 0.923882306)}):Play()
			game.TweenService:Create(workplace.STEVE["Head"]["Handle"], TweenInfo.new(1, Enum.EasingStyle.Cubic, Enum.EasingDirection.InOut, 0, false, 0), {CFrame = CFrame.new(3.09517503, 2.72710085, 0.429820001, 1.00000286, 2.98023366e-08, 2.23517873e-07, -2.9802294e-08, 1, 1.53375808e-07, -7.45060262e-08, -1.5337622e-07, 1.0000031)}):Play()
			game.TweenService:Create(workplace.STEVE["Torso"], TweenInfo.new(1, Enum.EasingStyle.Cubic, Enum.EasingDirection.InOut, 0, false, 0), {CFrame = CFrame.new(3.09195805, 1, 0.522028387, 1.0000031, -1.78428689e-26, 1.04308235e-07, -1.97450621e-26, 1, -2.646859e-23, 1.49011772e-08, 2.64687399e-23, 1.00000298)}):Play()
			game.TweenService:Create(workplace.STEVE["Left Arm"], TweenInfo.new(1, Enum.EasingStyle.Cubic, Enum.EasingDirection.InOut, 0, false, 0), {CFrame = CFrame.new(1.01560032, 2.36989355, 0.504932702, -0.74967289, 0.660449982, -0.0424910001, -0.660841286, -0.750503302, -0.00601029396, -0.0358592421, 0.0235740803, 0.99908191)}):Play()
			game.TweenService:Create(workplace.STEVE["Right Arm"], TweenInfo.new(1, Enum.EasingStyle.Cubic, Enum.EasingDirection.InOut, 0, false, 0), {CFrame = CFrame.new(4.77151442, 1.01678693, 0.513667524, 0.965635777, -0.256401628, 0.042494908, 0.256875873, 0.966425717, -0.00601020316, -0.0395271443, 0.0167195834, 0.999078691)}):Play()
			game.TweenService:Create(workplace.STEVE["Left Leg"], TweenInfo.new(1, Enum.EasingStyle.Cubic, Enum.EasingDirection.InOut, 0, false, 0), {CFrame = CFrame.new(2.59195638, -0.555570245, -0.309443593, 1.00000298, 5.69267335e-08, 7.28517264e-08, 2.98023224e-08, 0.555570066, -0.831469834, 1.49011754e-08, 0.831472218, 0.555571616)}):Play()
			game.TweenService:Create(workplace.STEVE["Right Leg"], TweenInfo.new(1, Enum.EasingStyle.Cubic, Enum.EasingDirection.InOut, 0, false, 0), {CFrame = CFrame.new(3.59195948, -1, 0.522028387, 1.0000031, -1.78428689e-26, 1.04308235e-07, -1.97450621e-26, 1, -2.646859e-23, 1.49011772e-08, 2.64687399e-23, 1.00000298)}):Play()
			game.TweenService:Create(workplace.STEVE["HumanoidRootPart"], TweenInfo.new(1, Enum.EasingStyle.Cubic, Enum.EasingDirection.InOut, 0, false, 0), {CFrame = CFrame.new(3.09195805, 1, 0.522028387, 1.0000031, -1.78302471e-26, 1.04308235e-07, -1.97324403e-26, 1, -2.646859e-23, 1.49011772e-08, 2.6468743e-23, 1.00000298)}):Play()
			game.TweenService:Create(workplace.STEVE["le script that is running rn cuz roblox funee"], TweenInfo.new(1, Enum.EasingStyle.Cubic, Enum.EasingDirection.InOut, 0, false, 0), {CFrame = CFrame.new(0.594737291, 4.71626616, 0.282000065, -1.00000286, -3.9135224e-09, -4.47034054e-08, -3.91349175e-09, 1, -3.26659432e-07, -7.45059765e-08, -3.26660341e-07, -1.00000274)}):Play()
			wait(1)
			game.TweenService:Create(workplace.Nooby["Head"], TweenInfo.new(1, Enum.EasingStyle.Cubic, Enum.EasingDirection.InOut, 0, false, 0), {CFrame = CFrame.new(-3.01612663, 2.5410409, 0.00909686554, 0.999424458, -0.0322519578, 0.0105408812, 0.0324367471, 0.999314547, -0.0178576913, -0.00995770842, 0.0181893259, 0.999784946)}):Play()
			game.TweenService:Create(workplace.Nooby["Torso"], TweenInfo.new(1, Enum.EasingStyle.Cubic, Enum.EasingDirection.InOut, 0, false, 0), {CFrame = CFrame.new(-3, 1.00001478, 0, 1, -8.75008152e-26, 0, -8.63014755e-26, 1, -2.64771002e-23, 0, 2.64822373e-23, 1)}):Play()
			game.TweenService:Create(workplace.Nooby["Right Arm"], TweenInfo.new(1, Enum.EasingStyle.Cubic, Enum.EasingDirection.InOut, 0, false, 0), {CFrame = CFrame.new(-2.04126596, 1.01405764, 0.390395164, 0.853581309, 0.49992162, 0.146555349, -0.518789351, 0.790036917, 0.326650292, 0.0475154705, -0.354853719, 0.933713615)}):Play()
			game.TweenService:Create(workplace.Nooby["Right Leg"], TweenInfo.new(1, Enum.EasingStyle.Cubic, Enum.EasingDirection.InOut, 0, false, 0), {CFrame = CFrame.new(-2.5000031, -0.999995708, -9.09213554e-07, 1.00000203, 3.42726679e-07, -2.60530271e-07, 3.42726679e-07, 1.00000405, 5.52326696e-07, -1.75973028e-07, 4.84080658e-07, 1.00000238)}):Play()
			game.TweenService:Create(workplace.Nooby["HumanoidRootPart"], TweenInfo.new(1, Enum.EasingStyle.Cubic, Enum.EasingDirection.InOut, 0, false, 0), {CFrame = CFrame.new(-3, 1.00001478, 0, 1, -1.47347877e-26, 0, -1.47520934e-26, 1, -2.64699752e-23, 0, 2.64699279e-23, 1)}):Play()
			game.TweenService:Create(workplace.Nooby["Left Leg"], TweenInfo.new(1, Enum.EasingStyle.Cubic, Enum.EasingDirection.InOut, 0, false, 0), {CFrame = CFrame.new(-3.50000477, -0.999978065, -3.6533541e-07, 0.999996066, 1.34110451e-07, 1.49012145e-08, 1.63912773e-07, 0.999997318, -1.49011569e-07, 2.57661092e-08, -2.17828457e-07, 0.999999046)}):Play()
			game.TweenService:Create(workplace.Nooby["Left Arm"], TweenInfo.new(1, Enum.EasingStyle.Cubic, Enum.EasingDirection.InOut, 0, false, 0), {CFrame = CFrame.new(-3.84535313, 1.05220497, 0.335601598, 0.815549314, -0.574764788, -0.067284137, 0.570252299, 0.77843374, 0.262408763, -0.0984462351, -0.252375394, 0.962611616)}):Play()
			wait(1)
			chatPerson("Nooby", "ehhem... chat test 1 2 3?")
			playSoundLocal("rbxasset://sounds/button.wav", 1, 1.25)
			wait(1.5)
			chatPerson("STEVE", "You don't have to say that.")
			playSoundLocal("rbxasset://sounds/button.wav", 1, 1)
			wait(1.5)
			local NoobyDialogs = {"yoo sorry for the long intro", "sorry bout that", "## #### just in time", "Hello, I am Nooby! :pig:", "nooby is so cool right?"}
			local STEVEDialogs = {"yea were trying to be cool", "lol nooby wrote john pork reference in here", "puhahaha we are god", "u dont wanna se me angy!!!"}
			chatPerson("Nooby", NoobyDialogs[math.random(1, #NoobyDialogs)])
			playSoundLocal("rbxasset://sounds/button.wav", 1, 1)
			wait(2)
			chatPerson("STEVE", STEVEDialogs[math.random(1, #STEVEDialogs)])
			playSoundLocal("rbxasset://sounds/button.wav", 1, 1)
			wait(2)
			isDone = true
		end)
	},
	{
		Name = "CoolAssIntro",
		BoxColor = Color3.new(1, 1, 1),
		RequiresGetSyn = false,
		AnimationFunction = (function(workplace)
			local isDone = false
			workplace["STEVE"]["HumanoidRootPart"].CFrame = CFrame.new(2.5, 1, 0, 1, 0, 0, 0, 1, 0, 0, 0, 1)
			workplace["STEVE"]["Torso"].CFrame = CFrame.new(1.63943291, -0.969546139, 0, 0.923879504, -0.382683456, 0, 0.382683456, 0.923879504, 0, 0, 0, 1)
			workplace["STEVE"]["Left Arm"].CFrame = CFrame.new(0.253613502, -1.04357123, 0, -1, 0, 0, 0, -1, 0, 0, 0, 1)
			workplace["STEVE"]["Right Arm"].CFrame = CFrame.new(3.22034216, 0.585264444, 0, -0.831469595, -0.555570304, 0, 0.555570304, -0.831469595, 0, 0, 0, 1)
			workplace["STEVE"]["Left Leg"].CFrame = CFrame.new(2.48405671, -1.58476663, 0.382683575, -2.98023224e-08, -0.923879623, -0.382683486, 1, -2.75337584e-08, -1.14048566e-08, 0, -0.382683486, 0.923879623)
			workplace["STEVE"]["Right Leg"].CFrame = CFrame.new(3.53112912, -1.33494282, -0.195090353, 0.707106709, -0.69352001, 0.137949735, 0.707106829, 0.69351989, -0.137949705, -7.45058149e-09, 0.195090383, 0.980785251)
			workplace["STEVE"]["Head"].CFrame = CFrame.new(1.06540775, 0.416273236, 0, 0.980785251, -0.195090353, 0, 0.195090353, 0.980785251, 0, 0, 0, 1)
			workplace["STEVE"]["Head"]["Handle"].CFrame = CFrame.new(1.0207479, 0.65729177, 0.00171852112, 0.980784774, -0.195090294, 0, 0.195090294, 0.980784774, 0, 0, 0, 1)
