{
	Name="MonkeyEmote",
	Time=6.5,
	Animations={
		{
			Time=0,
			CFrames={
				{Name="Torso",CFrame=CFrame.new(0, 0.199982882, 0, 1, -4.99600361e-16, 0, 4.99600361e-16, 1, 5.55111512e-17, 0, -5.55111512e-17, 1)},
				{Name="Left Leg",CFrame=CFrame.new(-0.5, -1.90262961, 1.44898602e-15, 1, -3.88578059e-16, -6.65601342e-31, 3.88578112e-16, 0.999999881, 1.38777867e-15, 6.16297362e-33, -1.38777867e-15, 1)},
				{Name="Right Arm",CFrame=CFrame.new(1.45946908, 0.0389083028, 4.08703471e-08, 1, 7.97084397e-07, 6.48971223e-08, -7.97084397e-07, 0.999999881, -1.62149604e-07, -6.48972502e-08, 1.62149547e-07, 1)},
				{Name="Head",CFrame=CFrame.new(-7.49400542e-16, 1.69998288, 0.000270843506, 1, -7.77156117e-16, -1.66533454e-16, 7.77156117e-16, 1, 1.11022302e-16, 1.66533454e-16, -1.11022302e-16, 1)},
				{Name="Left Arm",CFrame=CFrame.new(-1.45932794, 0.0389083028, 4.08641796e-08, 1, -7.97084397e-07, -6.48971223e-08, 7.97084397e-07, 0.999999881, -1.62149604e-07, 6.48972502e-08, 1.62149547e-07, 1)},
				{Name="Right Leg",CFrame=CFrame.new(0.5, -1.90262961, 6.16743578e-15, 1, -3.33067649e-16, 9.40161886e-30, 3.33067701e-16, 0.999999881, -1.87627674e-14, 9.24441892e-33, 1.87627674e-14, 1)},
			}
		},		{
			Time=0.04208333417773247,
			CFrames={
				{Name="Torso",CFrame=CFrame.new(0.000574111938, 0.214048147, 0.0101470947, 0.999952674, -0.00141198223, 0.00963395182, 0.0015758588, 0.999853909, -0.0170239806, -0.00960850529, 0.0170383602, 0.999808788)},
				{Name="Left Leg",CFrame=CFrame.new(-0.492191613, -1.89262462, 0.0683267489, 0.999980509, 0.00606922433, -0.00150637422, -0.00616206368, 0.997377038, -0.072119832, 0.00106471498, 0.0721277446, 0.997395217)},
				{Name="Right Arm",CFrame=CFrame.new(1.49316716, 0.0966470689, -0.154049248, 0.986344099, -0.0779795274, 0.145068616, 0.133885458, 0.892604887, -0.43050164, -0.0959186107, 0.444045305, 0.890855908)},
				{Name="Head",CFrame=CFrame.new(0.00209704181, 1.71385479, 0.0332853496, 0.999973774, 0.00586490333, 0.00430868845, -0.00581424311, 0.999915063, -0.0116777811, -0.00437680818, 0.0116524305, 0.999922872)},
				{Name="Left Arm",CFrame=CFrame.new(-1.47166014, 0.06482023, -0.0603261888, 0.999320567, 0.0201689173, -0.030860452, -0.0238189455, 0.992134511, -0.122891366, 0.0281391405, 0.123542905, 0.991940737)},
				{Name="Right Leg",CFrame=CFrame.new(0.497029483, -1.88669777, 0.0568847097, 0.99999696, -0.0025577615, 0.000342071988, 0.00257538143, 0.997564256, -0.069705151, -0.00016294606, 0.0697058439, 0.997568071)},
			}
		},		{
			Time=0.08291666954755783,
			CFrames={
				{Name="Torso",CFrame=CFrame.new(-0.000982284546, 0.237828732, 0.0250587463, 0.999632061, -0.00589034706, 0.0264812503, 0.00716857845, 0.998800576, -0.0484364852, -0.026164189, 0.0486084893, 0.998475134)},
				{Name="Left Leg",CFrame=CFrame.new(-0.488104671, -1.88344836, 0.0808253735, 0.999943018, 0.00986721274, -0.0041372627, -0.0101393992, 0.997356594, -0.0719531924, 0.00341632031, 0.071991004, 0.997399509)},
				{Name="Right Arm",CFrame=CFrame.new(1.51537704, 0.276864827, -0.40383625, 0.913934171, -0.00542963482, 0.405826807, 0.392514974, 0.266152591, -0.880394816, -0.103231654, 0.963915527, 0.245377034)},
				{Name="Head",CFrame=CFrame.new(0.00172901014, 1.73637271, 0.0869576782, 0.999806702, 0.0171994381, 0.0095629096, -0.0169437137, 0.99951303, -0.0262077916, -0.0100090429, 0.0260406826, 0.999610722)},
				{Name="Left Arm",CFrame=CFrame.new(-1.48789942, 0.132248431, -0.175192311, 0.993480265, 0.0473419763, -0.10371232, -0.0820681229, 0.928423882, -0.362345129, 0.0791347921, 0.368493974, 0.926255822)},
				{Name="Right Leg",CFrame=CFrame.new(0.499654472, -1.86538291, 0.048755601, 0.999997497, 0.00221833959, -0.000792654231, -0.00226517301, 0.997882009, -0.065012373, 0.000646723434, 0.0650139749, 0.997884274)},
			}
		},		{
			Time=0.125,
			CFrames={
				{Name="Torso",CFrame=CFrame.new(-0.00725364685, 0.222483635, 0.0225486755, 0.999304175, -0.0135273822, 0.0347626507, 0.0158229079, 0.997652292, -0.0666311979, -0.0337796807, 0.0671348721, 0.997172117)},
				{Name="Left Leg",CFrame=CFrame.new(-0.499839604, -1.91006565, -0.0458253697, 0.999943376, 0.00687120296, 0.00818295032, -0.00732394634, 0.998367786, 0.0566461384, -0.00778033771, -0.0567028895, 0.99836129)},
				{Name="Right Arm",CFrame=CFrame.new(1.50619757, 0.427414924, -0.545806229, 0.851398528, 0.163418531, 0.498413682, 0.52438277, -0.286963463, -0.801670432, 0.0120187383, 0.943900168, -0.33001399)},
				{Name="Head",CFrame=CFrame.new(-0.00844404101, 1.71991086, 0.0973427147, 0.999672711, 0.0246750414, 0.00682618096, -0.0245708879, 0.999586701, -0.0149432048, -0.00719204918, 0.014770586, 0.999865592)},
				{Name="Left Arm",CFrame=CFrame.new(-1.49077725, 0.156546652, -0.271726757, 0.984832227, 0.0209553391, -0.172242567, -0.116529144, 0.815379262, -0.56707859, 0.128559694, 0.578548431, 0.805453539)},
				{Name="Right Leg",CFrame=CFrame.new(0.508723676, -1.88978148, -0.0436984748, 0.999952912, 0.00958461873, -0.00174219906, -0.00954542309, 0.999728382, 0.0212676227, 0.00194559619, -0.0212500021, 0.999772906)},
			}
		},		{
			Time=0.16708333790302277,
			CFrames={
				{Name="Torso",CFrame=CFrame.new(-0.0116844177, 0.124262094, 0.00751876831, 0.999125957, -0.0193154514, 0.0370747223, 0.0220618155, 0.996927679, -0.0751568452, -0.0355091318, 0.0759090483, 0.996482372)},
				{Name="Left Leg",CFrame=CFrame.new(-0.541460752, -1.94991755, -0.266590923, 0.998676717, -0.00592176151, 0.0510961153, -0.00962119922, 0.954315245, 0.298647135, -0.0505303293, -0.298743486, 0.952995002)},
				{Name="Right Arm",CFrame=CFrame.new(1.49122643, 0.461211562, -0.629159451, 0.812800348, 0.308233052, 0.494316638, 0.569880426, -0.596677542, -0.564988613, 0.120799378, 0.74092418, -0.66063571)},
				{Name="Head",CFrame=CFrame.new(-0.0187816005, 1.62092578, 0.0740067214, 0.999689758, 0.0244364757, 0.00493879616, -0.0245273672, 0.999513566, 0.0192717239, -0.00446546823, -0.0193869919, 0.999802411)},
				{Name="Left Arm",CFrame=CFrame.new(-1.48196852, 0.0934228376, -0.360151798, 0.969629049, -0.0648539737, -0.235827446, -0.137465075, 0.652997613, -0.744780302, 0.202296689, 0.754578412, 0.624250054)},
				{Name="Right Leg",CFrame=CFrame.new(0.52396512, -1.95845628, -0.248017341, 0.999596834, 0.0284123681, -0.000245515257, -0.0273856074, 0.965705514, 0.258191824, 0.00757290423, -0.258081019, 0.966093779)},
			}
		},		{
			Time=0.20916666090488434,
			CFrames={
				{Name="Torso",CFrame=CFrame.new(-0.0107364655, 0.0360991955, 0.0002784729, 0.998514771, -0.0159825664, 0.0520849861, 0.0208763462, 0.995276272, -0.0948117375, -0.0503235981, 0.095758304, 0.994131804)},
				{Name="Left Leg",CFrame=CFrame.new(-0.60428828, -1.97062755, -0.380446732, 0.991542697, -0.0104932217, 0.129357904, -0.0444892906, 0.908851922, 0.41473937, -0.12191911, -0.416986674, 0.900698841)},
				{Name="Right Arm",CFrame=CFrame.new(1.47749209, 0.413811237, -0.667742312, 0.802766263, 0.366434038, 0.470417559, 0.580064595, -0.662691355, -0.473671705, 0.138172358, 0.653120339, -0.744541883)},
				{Name="Head",CFrame=CFrame.new(-0.0409274958, 1.52970839, 0.0584041625, 0.995302141, -0.0284720827, 0.0925363228, 0.0212481022, 0.99671638, 0.0781348124, -0.0944570601, -0.0758014992, 0.992639184)},
				{Name="Left Arm",CFrame=CFrame.new(-1.47406685, 0.0765846074, -0.423089564, 0.945238829, -0.118934542, -0.303938329, -0.234162927, 0.401579618, -0.885382056, 0.227358073, 0.908068776, 0.351738542)},
				{Name="Right Leg",CFrame=CFrame.new(0.536321282, -2.00424552, -0.358081758, 0.999155521, 0.0410033539, 0.00270314142, -0.0390049368, 0.925646245, 0.376374304, 0.0129305199, -0.376161754, 0.92646414)},
			}
		},		{
			Time=0.25,
			CFrames={
				{Name="Torso",CFrame=CFrame.new(0.0461826324, -0.0263750553, 0.0193443298, 0.989942193, 0.0680611134, 0.12402501, -0.049704548, 0.988107324, -0.145511225, -0.13245365, 0.137883142, 0.981552124)},
				{Name="Left Leg",CFrame=CFrame.new(-0.661358237, -1.99468744, -0.397792161, 0.97011441, 0.0104550421, 0.242423221, -0.121741541, 0.885198534, 0.449001968, -0.209898338, -0.465096086, 0.860016942)},
				{Name="Right Arm",CFrame=CFrame.new(1.45849907, 0.161627203, -0.747791767, 0.846293926, 0.346847355, 0.404331416, 0.523642302, -0.402133167, -0.751057923, -0.0979072973, 0.847340703, -0.521946847)},
				{Name="Head",CFrame=CFrame.new(0.078898333, 1.4567194, 0.0966906548, 0.949411571, -0.0708462894, 0.305939138, 0.0295515917, 0.9900527, 0.137560084, -0.312641442, -0.121560067, 0.942061245)},
				{Name="Left Arm",CFrame=CFrame.new(-1.40494215, 0.240388483, -0.363017321, 0.900104642, -0.120043285, -0.418809801, -0.420369595, 0.0132550299, -0.907256484, 0.114461437, 0.99268049, -0.0385317132)},
				{Name="Right Leg",CFrame=CFrame.new(0.548478901, -2.01240396, -0.443915784, 0.997135699, 0.0746802613, 0.0119723156, -0.0723877773, 0.896433473, 0.437226713, 0.0219199657, -0.436840892, 0.899272144)},
			}
		},		{
			Time=0.2920833230018616,
			CFrames={
				{Name="Torso",CFrame=CFrame.new(0.113004684, -0.0727455616, 0.0261764526, 0.964255452, 0.170084387, 0.203181535, -0.132337913, 0.973439097, -0.186824217, -0.229560673, 0.153257608, 0.961152494)},
				{Name="Left Leg",CFrame=CFrame.new(-0.751902699, -2.0140779, -0.322670609, 0.898237526, 0.024823226, 0.438809037, -0.211119249, 0.900045753, 0.381243557, -0.385484457, -0.435088336, 0.813695431)},
				{Name="Right Arm",CFrame=CFrame.new(1.36457777, -0.154835984, -0.832250237, 0.847510517, 0.402256012, 0.346289098, 0.315999329, 0.141805097, -0.938102722, -0.426462889, 0.904478729, -0.00693127513)},
				{Name="Head",CFrame=CFrame.new(0.248499006, 1.3937993, 0.104887128, 0.875385046, -0.0694009811, 0.478418887, -0.0116733648, 0.986318707, 0.16443792, -0.483285427, -0.149531364, 0.86259836)},
				{Name="Left Arm",CFrame=CFrame.new(-1.28995883, 0.455327034, -0.279786259, 0.831031203, -0.16939643, -0.529803991, -0.55260855, -0.3598966, -0.75173074, -0.063333869, 0.917485535, -0.392695099)},
				{Name="Right Leg",CFrame=CFrame.new(0.554377019, -2.00767612, -0.504064918, 0.994307637, 0.104496002, 0.0208087265, -0.102047667, 0.877815127, 0.468003422, 0.030638352, -0.467462897, 0.883481801)},
			}
		},		{
			Time=0.33416667580604553,
			CFrames={
				{Name="Torso",CFrame=CFrame.new(0.138334274, -0.0669090748, 0.0200538635, 0.946345627, 0.211081535, 0.244693145, -0.163392037, 0.96581918, -0.201237112, -0.278806746, 0.150458902, 0.948487818)},
				{Name="Left Leg",CFrame=CFrame.new(-0.874503255, -2.00864887, -0.145676285, 0.706792653, -0.00574652851, 0.707397878, -0.224540263, 0.94643575, 0.232036203, -0.670840025, -0.322840869, 0.667643666)},
				{Name="Right Arm",CFrame=CFrame.new(1.30035985, -0.307490885, -0.832444012, 0.822587907, 0.430484474, 0.371527731, 0.113280877, 0.516209424, -0.84893775, -0.557240605, 0.740412772, 0.375862092)},
				{Name="Head",CFrame=CFrame.new(0.331676304, 1.39137089, 0.0864424109, 0.85333699, -0.0357198045, 0.520135283, -0.0577296987, 0.985041738, 0.162358046, -0.518154323, -0.168573529, 0.838510394)},
				{Name="Left Arm",CFrame=CFrame.new(-1.21685517, 0.649737418, -0.266414911, 0.786151588, -0.261114657, -0.560165644, -0.578172207, -0.630959272, -0.51730758, -0.218365118, 0.730554461, -0.646998882)},
				{Name="Right Leg",CFrame=CFrame.new(0.552789092, -1.99143469, -0.512513757, 0.993010581, 0.115827248, 0.022689864, -0.113220185, 0.880471766, 0.46038121, 0.0333468616, -0.459732234, 0.887431502)},
			}
		},		{
			Time=0.375,
			CFrames={
				{Name="Torso",CFrame=CFrame.new(0.150648117, -0.0370128155, 0.0177650452, 0.933529198, 0.226376966, 0.277987123, -0.17243728, 0.963360429, -0.205431774, -0.314306796, 0.143841207, 0.93836087)},
				{Name="Left Leg",CFrame=CFrame.new(-0.878159642, -2.01379585, -0.0338449329, 0.597904146, 0.0348038003, 0.800811887, -0.217686802, 0.968559623, 0.120435521, -0.771442413, -0.246335104, 0.5866822)},
				{Name="Right Arm",CFrame=CFrame.new(1.31413925, -0.383016676, -0.777341962, 0.827572286, 0.40868789, 0.384836137, 0.00562582538, 0.67947036, -0.73368156, -0.56133163, 0.609339416, 0.560011506)},
				{Name="Head",CFrame=CFrame.new(0.38585183, 1.41699982, 0.0662946403, 0.848203182, 0.0174097717, 0.529385388, -0.115668178, 0.981425703, 0.15305239, -0.516887724, -0.191052496, 0.834461868)},
				{Name="Left Arm",CFrame=CFrame.new(-1.16285634, 0.835055649, -0.250150442, 0.77630651, -0.338415444, -0.531811833, -0.518161774, -0.823033273, -0.232648149, -0.358966887, 0.456170619, -0.814279854)},
				{Name="Right Leg",CFrame=CFrame.new(0.550110281, -1.96647477, -0.497092903, 0.992381096, 0.12148346, 0.0205367059, -0.118531384, 0.895879269, 0.428194523, 0.0336201191, -0.427366495, 0.90345335)},
			}
		},		{
			Time=0.4170833230018616,
			CFrames={
				{Name="Torso",CFrame=CFrame.new(0.158918381, -0.00436091423, 0.0178718567, 0.925669789, 0.230122045, 0.30029881, -0.172723114, 0.963246167, -0.205727026, -0.336604059, 0.138566732, 0.931395113)},
				{Name="Left Leg",CFrame=CFrame.new(-0.852144361, -2.0035491, -0.00770121813, 0.597655535, 0.0854814276, 0.797183096, -0.229162693, 0.971032143, 0.0676821172, -0.768305063, -0.223135188, 0.599931479)},
				{Name="Right Arm",CFrame=CFrame.new(1.31868172, -0.42311281, -0.70304209, 0.830183625, 0.402771831, 0.385448456, -0.0805971771, 0.770847499, -0.631900787, -0.551633835, 0.493527293, 0.672406793)},
				{Name="Head",CFrame=CFrame.new(0.422181576, 1.44625759, 0.0502503812, 0.847626805, 0.0660438687, 0.526466846, -0.167333454, 0.974862099, 0.147118002, -0.503516316, -0.212796494, 0.837370157)},
				{Name="Left Arm",CFrame=CFrame.new(-1.12643635, 0.96143651, -0.226390481, 0.786649287, -0.368803918, -0.495143354, -0.442445278, -0.896093607, -0.0354773998, -0.430610806, 0.246982008, -0.868086457)},
				{Name="Right Leg",CFrame=CFrame.new(0.548669815, -1.94384348, -0.473715037, 0.992091537, 0.124334246, 0.0171932429, -0.121068723, 0.911764622, 0.392463326, 0.0331201553, -0.391440988, 0.919606924)},
			}
		},		{
			Time=0.45916667580604553,
			CFrames={
				{Name="Torso",CFrame=CFrame.new(0.166917801, 0.0157501698, 0.0178031921, 0.922168374, 0.230918914, 0.310293376, -0.171978071, 0.963359237, -0.205821723, -0.346452117, 0.136438578, 0.92809242)},
				{Name="Left Leg",CFrame=CFrame.new(-0.845711112, -1.98117197, -0.00404172391, 0.598648012, 0.112322323, 0.793097973, -0.237678051, 0.97043699, 0.0419667661, -0.764937878, -0.21362552, 0.607646823)},
				{Name="Right Arm",CFrame=CFrame.new(1.31831646, -0.409477293, -0.701366901, 0.824906647, 0.406749964, 0.392535031, -0.0966953188, 0.785723686, -0.610973418, -0.556937516, 0.466039598, 0.687479615)},
				{Name="Head",CFrame=CFrame.new(0.446284235, 1.46419227, 0.0435394794, 0.845404088, 0.0966525823, 0.525309801, -0.197657019, 0.970283985, 0.139574096, -0.496209532, -0.221827805, 0.839386046)},
				{Name="Left Arm",CFrame=CFrame.new(-1.11758852, 0.990181506, -0.212954819, 0.790320277, -0.355835795, -0.498773515, -0.427464128, -0.903437316, -0.0327969491, -0.438940287, 0.239128053, -0.866111755)},
				{Name="Right Leg",CFrame=CFrame.new(0.549635887, -1.93221521, -0.457929999, 0.991821766, 0.126729921, 0.0151431561, -0.12329375, 0.920676529, 0.370342642, 0.0329914987, -0.369181097, 0.928771794)},
			}
		},		{
			Time=0.5008333325386047,
			CFrames={
				{Name="Torso",CFrame=CFrame.new(0.174943924, 0.0275495052, 0.0177307129, 0.919382095, 0.232067347, 0.31761837, -0.171935529, 0.963297725, -0.206145093, -0.353800625, 0.134916246, 0.925539136)},
				{Name="Left Leg",CFrame=CFrame.new(-0.838119149, -1.96862543, -0.00150346011, 0.599713087, 0.125818565, 0.790262222, -0.241710737, 0.969914556, 0.0290078372, -0.762837291, -0.208411038, 0.612081945)},
				{Name="Right Arm",CFrame=CFrame.new(1.31504643, -0.390733927, -0.71840483, 0.817870975, 0.41673708, 0.396759093, -0.0985454172, 0.780793369, -0.616969109, -0.56690079, 0.465502143, 0.679655313)},
				{Name="Head",CFrame=CFrame.new(0.46732828, 1.47528672, 0.0449821055, 0.839761972, 0.120390616, 0.529439628, -0.215315834, 0.96899724, 0.121177077, -0.498436987, -0.215756446, 0.839648545)},
				{Name="Left Arm",CFrame=CFrame.new(-1.112499, 0.995359182, -0.203289926, 0.794930875, -0.319291234, -0.515886068, -0.433167756, -0.894059777, -0.1141202, -0.424795449, 0.314182609, -0.849021852)},
				{Name="Right Leg",CFrame=CFrame.new(0.551376462, -1.92573178, -0.448609591, 0.991504848, 0.12932162, 0.0139485598, -0.125752151, 0.925643981, 0.356888771, 0.033241868, -0.355610847, 0.934042871)},
			}
		},		{
			Time=0.5420833230018616,
			CFrames={
				{Name="Torso",CFrame=CFrame.new(0.182228088, 0.0336859226, 0.0176620483, 0.916672826, 0.233084828, 0.324626684, -0.171828687, 0.963257551, -0.206421852, -0.360812932, 0.133441061, 0.923042536)},
				{Name="Left Leg",CFrame=CFrame.new(-0.827445745, -1.96738505, 0.00535911322, 0.599251568, 0.136214167, 0.788887739, -0.243720949, 0.969683886, 0.0177025944, -0.762560487, -0.202876925, 0.614282489)},
				{Name="Right Arm",CFrame=CFrame.new(1.31098557, -0.365099251, -0.750657082, 0.811726809, 0.428391784, 0.396963894, -0.0883916765, 0.761971235, -0.64155066, -0.577310145, 0.485675216, 0.656378508)},
				{Name="Head",CFrame=CFrame.new(0.486121953, 1.4814589, 0.050373435, 0.83306551, 0.141368359, 0.534805834, -0.226639405, 0.969151437, 0.0968540162, -0.504615664, -0.201893866, 0.839405835)},
				{Name="Left Arm",CFrame=CFrame.new(-1.10982358, 0.981047571, -0.196391106, 0.802221537, -0.275487721, -0.529667199, -0.438862175, -0.87359333, -0.210321382, -0.404772818, 0.401175201, -0.82171607)},
				{Name="Right Leg",CFrame=CFrame.new(0.553259015, -1.92243779, -0.444401145, 0.991127491, 0.132234484, 0.0134523213, -0.128556669, 0.927980185, 0.349751651, 0.0337654948, -0.348377913, 0.936745882)},
			}
		},		{
			Time=0.5841666460037231,
			CFrames={
				{Name="Torso",CFrame=CFrame.new(0.188663483, 0.034642458, 0.0175971985, 0.914095998, 0.234024331, 0.331151426, -0.171726853, 0.963220477, -0.206679389, -0.3673397, 0.13205722, 0.920664191)},
				{Name="Left Leg",CFrame=CFrame.new(-0.820274711, -1.96704769, 0.00934332609, 0.598734617, 0.143306345, 0.788023114, -0.245952845, 0.969223797, 0.0106146038, -0.76224947, -0.200171724, 0.615554452)},
				{Name="Right Arm",CFrame=CFrame.new(1.30801165, -0.291339487, -0.843868375, 0.803902745, 0.437829912, 0.402549148, -0.021084547, 0.697378635, -0.716392875, -0.594387054, 0.567422509, 0.569856167)},
				{Name="Head",CFrame=CFrame.new(0.503255129, 1.48265159, 0.057951197, 0.827506781, 0.160881311, 0.537912965, -0.234048873, 0.969699562, 0.0700309128, -0.510347009, -0.183848903, 0.840086877)},
				{Name="Left Arm",CFrame=CFrame.new(-1.12190354, 0.908691704, -0.188472152, 0.811149061, -0.223212764, -0.540567994, -0.437188655, -0.845368087, -0.306951523, -0.38846311, 0.485313535, -0.783305526)},
				{Name="Right Leg",CFrame=CFrame.new(0.555234373, -1.92217875, -0.445160151, 0.990706921, 0.135328889, 0.013645947, -0.131564543, 0.927999973, 0.34857893, 0.0345095694, -0.347134769, 0.937180281)},
			}
		},		{
			Time=0.6258333325386047,
			CFrames={
				{Name="Torso",CFrame=CFrame.new(0.194101334, 0.0335924625, 0.0175361633, 0.911670804, 0.234884903, 0.337173074, -0.171631038, 0.963186443, -0.206917152, -0.373362303, 0.130770862, 0.918422341)},
				{Name="Left Leg",CFrame=CFrame.new(-0.815008998, -1.96712732, 0.0121432841, 0.598213673, 0.147472888, 0.787650228, -0.248021513, 0.968729317, 0.00699391961, -0.761988401, -0.199538246, 0.616083026)},
				{Name="Right Arm",CFrame=CFrame.new(1.28243005, -0.0298214927, -1.04974163, 0.778917909, 0.468397528, 0.417002857, 0.195722103, 0.450163007, -0.87123251, -0.595802546, 0.760234773, 0.258964092)},
				{Name="Head",CFrame=CFrame.new(0.518324256, 1.48253977, 0.0709445029, 0.823882341, 0.17842035, 0.537944973, -0.233738333, 0.971643627, 0.035713762, -0.516318798, -0.155162483, 0.842223048)},
				{Name="Left Arm",CFrame=CFrame.new(-1.16469586, 0.693022192, -0.135556757, 0.825092196, -0.100684687, -0.55595547, -0.433354586, -0.744150698, -0.50837332, -0.362529337, 0.660380483, -0.657624483)},
				{Name="Right Leg",CFrame=CFrame.new(0.556987464, -1.92304015, -0.447953671, 0.990311265, 0.138148174, 0.0141176283, -0.134313405, 0.927050412, 0.350053608, 0.035271138, -0.348558366, 0.936623335)},
			}
		},		{
			Time=0.6679166555404663,
			CFrames={
				{Name="Torso",CFrame=CFrame.new(0.198381424, 0.029116869, 0.0174751282, 0.90941596, 0.235665277, 0.342672706, -0.171542108, 0.963155568, -0.207134217, -0.378861487, 0.129588455, 0.916335642)},
				{Name="Left Leg",CFrame=CFrame.new(-0.812702537, -1.96772802, 0.0127376653, 0.597705126, 0.149393186, 0.787674248, -0.250059515, 0.968210816, 0.00611622632, -0.761721373, -0.200621039, 0.616062164)},
				{Name="Right Arm",CFrame=CFrame.new(1.24543774, 0.283117294, -1.14283085, 0.766373217, 0.517627954, 0.380439043, 0.361129493, 0.142632931, -0.921542823, -0.531279445, 0.843633711, -0.0776208192)},
				{Name="Head",CFrame=CFrame.new(0.527196765, 1.47854745, 0.0778314397, 0.821627975, 0.186036408, 0.538811922, -0.231533855, 0.972674072, 0.0172261745, -0.520883918, -0.138906538, 0.842250347)},
				{Name="Left Arm",CFrame=CFrame.new(-1.1748755, 0.454372674, -0.0430052876, 0.852636576, 0.0163838565, -0.522247791, -0.416139513, -0.583137512, -0.697695076, -0.315973163, 0.812208354, -0.490386665)},
				{Name="Right Leg",CFrame=CFrame.new(0.55853951, -1.92594004, -0.454021633, 0.989925742, 0.140781999, 0.0150934458, -0.136905193, 0.924533486, 0.355660677, 0.0361163318, -0.354143918, 0.934493721)},
			}
		},		{
			Time=0.7091666460037231,
			CFrames={
				{Name="Torso",CFrame=CFrame.new(0.196279526, -0.00668048859, 0.0416603088, 0.933304846, 0.175014243, 0.313547671, -0.105328321, 0.96820426, -0.226906911, -0.343290061, 0.178747833, 0.922063529)},
				{Name="Left Leg",CFrame=CFrame.new(-0.867924213, -1.94728744, -0.0559217781, 0.59309411, 0.0943381786, 0.799587429, -0.236472696, 0.969722331, 0.0609920174, -0.769623518, -0.225254565, 0.597444594)},
				{Name="Right Arm",CFrame=CFrame.new(1.23641145, 0.492084146, -1.0527817, 0.821753979, 0.540766478, 0.179700151, 0.38558954, -0.295484424, -0.874076903, -0.419572711, 0.787566304, -0.451329082)},
				{Name="Head",CFrame=CFrame.new(0.42018351, 1.4512049, 0.132460445, 0.856653869, 0.0975405797, 0.50658673, -0.172816902, 0.979486227, 0.1036437, -0.486084998, -0.176333487, 0.855936825)},
				{Name="Left Arm",CFrame=CFrame.new(-1.19328403, 0.163006276, 0.00541326404, 0.933831096, 0.116282567, -0.338286847, -0.330863237, -0.0787033141, -0.940391421, -0.135975316, 0.990093052, -0.0350218639)},
				{Name="Right Leg",CFrame=CFrame.new(0.587858796, -1.98015916, -0.472698987, 0.989038825, 0.145675689, 0.0241042525, -0.142678559, 0.900844097, 0.410027981, 0.0380169451, -0.408972621, 0.911754489)},
			}
		},		{
			Time=0.7508333325386047,
			CFrames={
				{Name="Torso",CFrame=CFrame.new(0.179584503, -0.0619566441, 0.0660896301, 0.963977039, 0.0575270206, 0.259690344, 0.00453242846, 0.972637475, -0.232284665, -0.265947163, 0.22509414, 0.937339306)},
				{Name="Left Leg",CFrame=CFrame.new(-0.930123687, -1.90957296, -0.165453374, 0.58105433, 0.00993476063, 0.813804507, -0.20903793, 0.96820271, 0.137432873, -0.786561906, -0.249971867, 0.564654946)},
				{Name="Right Arm",CFrame=CFrame.new(1.19351816, 0.637862504, -0.911042631, 0.902646124, 0.428139031, -0.0439043045, 0.326150984, -0.747028708, -0.579288065, -0.280813396, 0.50857234, -0.813940346)},
				{Name="Head",CFrame=CFrame.new(0.218536183, 1.39259112, 0.159630582, 0.909752786, -0.0373584256, 0.413466692, -0.0763040632, 0.963929653, 0.254987299, -0.408078551, -0.263524294, 0.874086678)},
				{Name="Left Arm",CFrame=CFrame.new(-1.22797, -0.138673007, -0.0164452195, 0.989886522, 0.0515465438, -0.132168278, -0.137702793, 0.573129117, -0.807812989, 0.0341095924, 0.817842841, 0.574430525)},
				{Name="Right Leg",CFrame=CFrame.new(0.616099715, -2.06483436, -0.465587974, 0.989260614, 0.142300561, 0.0333852023, -0.140896231, 0.867626429, 0.476836681, 0.0388882756, -0.47641933, 0.878358126)},
			}
		},		{
			Time=0.7929166555404663,
			CFrames={
				{Name="Torso",CFrame=CFrame.new(0.166063309, -0.0657305717, 0.0715179443, 0.972695351, -0.0096102301, 0.23188746, 0.0626202524, 0.972953916, -0.222349793, -0.223478973, 0.230799332, 0.946989417)},
				{Name="Left Leg",CFrame=CFrame.new(-0.938364744, -1.88044345, -0.214771152, 0.565812469, -0.023443073, 0.824201345, -0.178071052, 0.972532034, 0.1499075, -0.805076241, -0.231585979, 0.546095729)},
				{Name="Right Arm",CFrame=CFrame.new(1.15325832, 0.735019386, -0.854364276, 0.929141521, 0.356648505, -0.0974637493, 0.304130703, -0.887163341, -0.347052813, -0.210242227, 0.29281953, -0.93276751)},
				{Name="Head",CFrame=CFrame.new(0.115688443, 1.38752699, 0.169900119, 0.930951893, -0.0817205235, 0.355881572, -0.0214567222, 0.960706949, 0.276734293, -0.364512712, -0.265262485, 0.892618001)},
				{Name="Left Arm",CFrame=CFrame.new(-1.26121354, -0.240726352, -0.0290362537, 0.996632099, 0.0272088721, -0.077367425, -0.075474754, 0.673380375, -0.735433459, 0.032087326, 0.738795221, 0.673166037)},
				{Name="Right Leg",CFrame=CFrame.new(0.617141902, -2.09656239, -0.43376416, 0.990685165, 0.132581696, 0.0310829431, -0.131232172, 0.868562818, 0.47788763, 0.0363616943, -0.47751528, 0.877870858)},
			}
		},		{
			Time=0.8341666460037231,
			CFrames={
				{Name="Torso",CFrame=CFrame.new(0.158828735, -0.0379164219, 0.0723800659, 0.974728167, -0.0427074358, 0.219274059, 0.0908577368, 0.972494304, -0.214475319, -0.2040831, 0.228977889, 0.951797903)},
				{Name="Left Leg",CFrame=CFrame.new(-0.923617125, -1.8606925, -0.226170421, 0.557281733, -0.0221790969, 0.830027223, -0.160187006, 0.977992237, 0.133682624, -0.814725399, -0.207458407, 0.54146421)},
				{Name="Right Arm",CFrame=CFrame.new(1.13306534, 0.815306425, -0.831585705, 0.934053481, 0.342298865, -0.101861775, 0.310700864, -0.919494033, -0.240821958, -0.176094353, 0.193292022, -0.965209424)},
				{Name="Head",CFrame=CFrame.new(0.0764356479, 1.42284071, 0.20173794, 0.938145697, -0.0795649886, 0.336975306, 0.00564355962, 0.976623297, 0.2148837, -0.346195191, -0.199690476, 0.916663945)},
				{Name="Left Arm",CFrame=CFrame.new(-1.28302348, -0.255244493, -0.0320340246, 0.998723745, 0.0357353538, -0.0356932878, -0.0504660755, 0.677348018, -0.733929574, -0.00205054879, 0.734794259, 0.67828691)},
				{Name="Right Leg",CFrame=CFrame.new(0.612649202, -2.09525537, -0.400684208, 0.991902411, 0.12411128, 0.0269514322, -0.12260811, 0.880414546, 0.458079994, 0.0331244022, -0.45767498, 0.88850224)},
			}
		},		{
			Time=0.8758333325386047,
			CFrames={
				{Name="Torso",CFrame=CFrame.new(0.15524292, -0.00394225121, 0.0722732544, 0.975034714, -0.0585146099, 0.214204401, 0.10444051, 0.972141743, -0.209840074, -0.195958272, 0.226972982, 0.953983128)},
				{Name="Left Leg",CFrame=CFrame.new(-0.903552413, -1.84714949, -0.22137624, 0.556435108, -0.00387134403, 0.830882251, -0.15635325, 0.981637061, 0.109282106, -0.816048026, -0.190719485, 0.545611739)},
				{Name="Right Arm",CFrame=CFrame.new(1.1235714, 0.873804033, -0.822882473, 0.931672752, 0.350322664, -0.0962311029, 0.327176243, -0.924213946, -0.196939036, -0.157930151, 0.151998103, -0.97568202)},
				{Name="Head",CFrame=CFrame.new(0.0640946701, 1.4628762, 0.234866187, 0.940670609, -0.0654563457, 0.332948446, 0.0179727189, 0.989452004, 0.143744081, -0.338845283, -0.129231751, 0.931924641)},
				{Name="Left Arm",CFrame=CFrame.new(-1.29386115, -0.241401702, -0.0317743421, 0.998987019, 0.0449913442, -0.00110737979, -0.0311775282, 0.674098551, -0.737983584, -0.0324562788, 0.737270355, 0.674818158)},
				{Name="Right Leg",CFrame=CFrame.new(0.608310938, -2.08496785, -0.369916797, 0.992791712, 0.117702663, 0.0226193666, -0.11593926, 0.895234406, 0.430248559, 0.030391857, -0.429769427, 0.902427256)},
			}
		},		{
			Time=0.9179166555404663,
			CFrames={
				{Name="Torso",CFrame=CFrame.new(0.154525757, 0.0189085007, 0.0723075867, 0.974763334, -0.0605060011, 0.214885309, 0.106454223, 0.972063005, -0.209190905, -0.196224734, 0.226787001, 0.953972518)},
				{Name="Left Leg",CFrame=CFrame.new(-0.889529347, -1.84173632, -0.212283194, 0.556226254, 0.00996270031, 0.830971718, -0.154036283, 0.98383671, 0.091311425, -0.816630781, -0.178789735, 0.548770189)},
				{Name="Right Arm",CFrame=CFrame.new(1.1204257, 0.9002617, -0.82312119, 0.926446795, 0.364685416, -0.0932823271, 0.34455356, -0.92134726, -0.180004656, -0.151590481, 0.134624243, -0.979232788)},
				{Name="Head",CFrame=CFrame.new(0.0650589317, 1.48738575, 0.247553989, 0.940514922, -0.0581119768, 0.334746331, 0.0196731407, 0.992925406, 0.117097288, -0.339182794, -0.103546456, 0.935004354)},
				{Name="Left Arm",CFrame=CFrame.new(-1.29632962, -0.219714135, -0.0303103924, 0.998796642, 0.0482401624, 0.00889359415, -0.0258979648, 0.672559619, -0.739588976, -0.0416593254, 0.738468468, 0.672999799)},
				{Name="Right Leg",CFrame=CFrame.new(0.60632956, -2.07457185, -0.352977276, 0.993184984, 0.11483869, 0.0199116021, -0.112850994, 0.904797912, 0.410615265, 0.0291386247, -0.410064161, 0.911591113)},
			}
		},		{
			Time=0.9599999785423279,
			CFrames={
				{Name="Torso",CFrame=CFrame.new(0.154319763, 0.0324628353, 0.0723838806, 0.974382997, -0.0600681901, 0.216725826, 0.106469274, 0.97204572, -0.209263533, -0.198097318, 0.226977393, 0.953540087)},
				{Name="Left Leg",CFrame=CFrame.new(-0.881558657, -1.83864474, -0.20568794, 0.556338668, 0.0193829536, 0.830730379, -0.153127536, 0.984997749, 0.0795668364, -0.816725016, -0.171473816, 0.550959945)},
				{Name="Right Arm",CFrame=CFrame.new(1.11543632, 0.894163847, -0.828736424, 0.918933749, 0.383324921, -0.0928672403, 0.360860884, -0.912154436, -0.194301769, -0.15918991, 0.145038217, -0.976535976)},
				{Name="Head",CFrame=CFrame.new(0.0654503405, 1.5010159, 0.24863933, 0.939859033, -0.0577917807, 0.33664006, 0.0196995474, 0.993112862, 0.115491241, -0.340995878, -0.101913959, 0.934524238)},
				{Name="Left Arm",CFrame=CFrame.new(-1.29910409, -0.19745037, -0.0351806581, 0.99886632, 0.046798408, 0.00881887972, -0.0252601318, 0.677650332, -0.734949946, -0.0403706431, 0.733893394, 0.678064108)},
				{Name="Right Leg",CFrame=CFrame.new(0.605148911, -2.06791401, -0.343461037, 0.993400156, 0.113205731, 0.0184980929, -0.111168742, 0.910411537, 0.398487031, 0.0282701254, -0.397913396, 0.916987419)},
			}
		},		{
			Time=1.0008333921432495,
			CFrames={
				{Name="Torso",CFrame=CFrame.new(0.15378952, 0.0407342911, 0.0724334717, 0.974131346, -0.0597809069, 0.217932165, 0.106479183, 0.972034454, -0.209311143, -0.199324757, 0.227101743, 0.95325464)},
				{Name="Left Leg",CFrame=CFrame.new(-0.876671076, -1.83701432, -0.201327741, 0.556709886, 0.0250408053, 0.830329716, -0.152867422, 0.985563636, 0.0727703273, -0.816520572, -0.167442292, 0.552500844)},
				{Name="Right Arm",CFrame=CFrame.new(1.10797167, 0.861473799, -0.836397469, 0.910029054, 0.403977364, -0.093003884, 0.373484075, -0.896341324, -0.238917544, -0.17988053, 0.182686538, -0.966575861)},
				{Name="Head",CFrame=CFrame.new(0.0652878135, 1.50932813, 0.249272466, 0.939426303, -0.0576322712, 0.337871403, 0.019716518, 0.993216276, 0.114596933, -0.342183799, -0.100993797, 0.934189737)},
				{Name="Left Arm",CFrame=CFrame.new(-1.30559957, -0.16902411, -0.051409632, 0.998915315, 0.0465237498, -0.00202067196, -0.0329269059, 0.674959958, -0.737119257, -0.0329296738, 0.736386061, 0.675759792)},
				{Name="Right Leg",CFrame=CFrame.new(0.604256272, -2.06381011, -0.337580651, 0.993561208, 0.111933313, 0.0175268352, -0.109847516, 0.91382879, 0.390960604, 0.0277449787, -0.39036864, 0.920240581)},
			}
		},		{
			Time=1.0429166555404663,
			CFrames={
				{Name="Torso",CFrame=CFrame.new(0.152965546, 0.0428545475, 0.072467804, 0.973954499, -0.0595797971, 0.218776196, 0.106486186, 0.972026646, -0.209344462, -0.20018357, 0.227188602, 0.95305407)},
				{Name="Left Leg",CFrame=CFrame.new(-0.875861287, -1.83691883, -0.19947654, 0.557765603, 0.0265809223, 0.829573214, -0.153996676, 0.985447228, 0.0719646066, -0.81558764, -0.167890832, 0.553741813)},
				{Name="Right Arm",CFrame=CFrame.new(1.09504628, 0.804657698, -0.843411207, 0.901177943, 0.422133893, -0.0983950719, 0.376344353, -0.874646127, -0.305548131, -0.215043068, 0.238322735, -0.94707936)},
				{Name="Head",CFrame=CFrame.new(0.066214174, 1.51195908, 0.253835201, 0.939120829, -0.0545350797, 0.339232266, 0.019731272, 0.994254351, 0.105212837, -0.343020797, -0.0921140313, 0.934800744)},
				{Name="Left Arm",CFrame=CFrame.new(-1.31590009, -0.133984312, -0.0772008002, 0.998251736, 0.0523669347, -0.0274201334, -0.0549365878, 0.650657773, -0.757381618, -0.0218206048, 0.757563591, 0.652397096)},
				{Name="Right Leg",CFrame=CFrame.new(0.603641689, -2.06276941, -0.336319953, 0.993656039, 0.11114125, 0.0171980262, -0.109046802, 0.914721847, 0.389092565, 0.0275128484, -0.388499469, 0.921038449)},
			}
		},		{
			Time=1.0850000381469727,
			CFrames={
				{Name="Torso",CFrame=CFrame.new(0.15180397, 0.0420563221, 0.0724906921, 0.97383976, -0.0594496951, 0.219321653, 0.106490746, 0.972021461, -0.209366068, -0.200738639, 0.22724463, 0.952923894)},
				{Name="Left Leg",CFrame=CFrame.new(-0.877512932, -1.83765388, -0.197883308, 0.561517179, 0.0286550224, 0.826969087, -0.159682766, 0.984367311, 0.0743166357, -0.811911583, -0.173782945, 0.557314336)},
				{Name="Right Arm",CFrame=CFrame.new(1.06179595, 0.718705833, -0.845492125, 0.90559113, 0.401940674, -0.135457918, 0.317761332, -0.854450405, -0.411026061, -0.280950338, 0.329178393, -0.901503563)},
				{Name="Head",CFrame=CFrame.new(0.0712348819, 1.51271701, 0.270678699, 0.938907981, -0.0424355082, 0.341542721, 0.0197610967, 0.997379541, 0.0695976466, -0.343601137, -0.0585967153, 0.9372859)},
				{Name="Left Arm",CFrame=CFrame.new(-1.3264389, -0.0879224539, -0.11427328, 0.99469322, 0.0589026362, -0.0843585879, -0.102828145, 0.597011924, -0.795615196, 0.00349913538, 0.800066888, 0.599900663)},
				{Name="Right Leg",CFrame=CFrame.new(0.603085399, -2.06317186, -0.33724767, 0.993733823, 0.110453516, 0.0171371102, -0.1083619, 0.91440177, 0.390035152, 0.0274104774, -0.389448255, 0.920640528)},
			}
		},		{
			Time=1.1258333921432495,
			CFrames={
				{Name="Torso",CFrame=CFrame.new(0.150051117, 0.0387606621, 0.0725021362, 0.973787487, -0.0593904369, 0.219570056, 0.106492758, 0.972019076, -0.209375858, -0.200991377, 0.227270186, 0.952864587)},
				{Name="Left Leg",CFrame=CFrame.new(-0.877771497, -1.84428287, -0.188567042, 0.570336342, 0.0296413004, 0.820876718, -0.177502364, 0.980183899, 0.0879329741, -0.80200386, -0.195858911, 0.564295709)},
				{Name="Right Arm",CFrame=CFrame.new(1.04893708, 0.592062712, -0.839682519, 0.913178444, 0.377287239, -0.1541439, 0.245241836, -0.810747147, -0.53154999, -0.325518668, 0.447597265, -0.832883477)},
				{Name="Head",CFrame=CFrame.new(0.0749965161, 1.51027548, 0.28566134, 0.938835204, -0.0315190814, 0.342922568, 0.0197425056, 0.999091148, 0.0377796739, -0.343801737, -0.0286986977, 0.938603997)},
				{Name="Left Arm",CFrame=CFrame.new(-1.35329044, 0.0129220486, -0.164610356, 0.977135181, 0.079426311, -0.197229087, -0.212015316, 0.433955342, -0.875632584, 0.0160402954, 0.897426724, 0.440872639)},
				{Name="Right Leg",CFrame=CFrame.new(0.602444053, -2.06458116, -0.340467751, 0.993819773, 0.109654009, 0.017291531, -0.107591815, 0.91311878, 0.393240333, 0.027331084, -0.392670482, 0.919273257)},
			}
		},		{
			Time=1.1679166555404663,
			CFrames={
				{Name="Torso",CFrame=CFrame.new(0.159179688, 0.00562024117, 0.0721435547, 0.976876676, -0.00805836916, 0.213652402, 0.0571653917, 0.972753048, -0.224686146, -0.206020385, 0.231704116, 0.950720131)},
				{Name="Left Leg",CFrame=CFrame.new(-0.906790614, -1.87228024, -0.169169262, 0.590951264, 0.040186137, 0.805706263, -0.212114647, 0.971355379, 0.107128754, -0.778321505, -0.23420988, 0.582547307)},
				{Name="Right Arm",CFrame=CFrame.new(1.13047338, 0.312215388, -0.817906201, 0.87781322, 0.47897464, 0.00530536473, 0.282462776, -0.508658648, -0.813315392, -0.386858642, 0.715436816, -0.581799388)},
				{Name="Head",CFrame=CFrame.new(0.119952694, 1.47669029, 0.278644085, 0.932772994, -0.0625277907, 0.355001271, 0.0402285531, 0.996745825, 0.0698595047, -0.358213931, -0.0508817881, 0.932252109)},
				{Name="Left Arm",CFrame=CFrame.new(-1.3698535, 0.284577221, -0.213946372, 0.907397747, 0.0664477348, -0.414988726, -0.408881515, -0.0887796283, -0.908259273, -0.0971942544, 0.993832469, -0.053389024)},
				{Name="Right Leg",CFrame=CFrame.new(0.608347058, -2.06053734, -0.39163208, 0.992444038, 0.120714337, 0.0219908506, -0.118642241, 0.898361921, 0.422930419, 0.0312979519, -0.422343552, 0.905895233)},
			}
		},		{
			Time=1.2100000381469727,
			CFrames={
				{Name="Torso",CFrame=CFrame.new(0.178766251, -0.0597250462, 0.0566329956, 0.973442793, 0.114895903, 0.198010594, -0.0684538782, 0.971449256, -0.227157593, -0.21845673, 0.207570344, 0.953515172)},
				{Name="Left Leg",CFrame=CFrame.new(-0.919768691, -1.9388361, -0.109312743, 0.60278368, 0.0556539521, 0.795961559, -0.254832625, 0.958747745, 0.125949398, -0.756116688, -0.278757036, 0.592099786)},
				{Name="Right Arm",CFrame=CFrame.new(1.24257421, -0.0892423093, -0.790213704, 0.784943879, 0.534500241, 0.313325793, 0.233205661, 0.213637635, -0.948669851, -0.574002445, 0.817721367, 0.0430448949)},
				{Name="Head",CFrame=CFrame.new(0.234390795, 1.40318358, 0.194527894, 0.919821024, -0.118719324, 0.373945832, 0.0558559448, 0.983036637, 0.174699038, -0.38834244, -0.139804453, 0.910848379)},
				{Name="Left Arm",CFrame=CFrame.new(-1.28792608, 0.66210103, -0.238350511, 0.79381448, -0.140953586, -0.591600299, -0.502759755, -0.699434102, -0.507961452, -0.34218654, 0.700659573, -0.626086533)},
				{Name="Right Leg",CFrame=CFrame.new(0.602027059, -2.04063272, -0.496214569, 0.989535213, 0.14093712, 0.0309394896, -0.138789117, 0.870994508, 0.471281588, 0.0394728035, -0.47064352, 0.881439984)},
			}
		},		{
			Time=1.2520833015441895,
			CFrames={
				{Name="Torso",CFrame=CFrame.new(0.184558868, -0.081332922, 0.036529541, 0.96386832, 0.186908096, 0.189798087, -0.147956997, 0.968141437, -0.202017114, -0.221509993, 0.16663596, 0.960815251)},
				{Name="Left Leg",CFrame=CFrame.new(-0.896798968, -1.97466147, -0.0587239787, 0.60950917, 0.0961014926, 0.786932886, -0.289732456, 0.950963438, 0.108275414, -0.737939119, -0.293994963, 0.60746485)},
				{Name="Right Arm",CFrame=CFrame.new(1.29212904, -0.303671122, -0.761276722, 0.758363366, 0.487166435, 0.43307513, 0.114058957, 0.554968417, -0.824014902, -0.641775489, 0.674298823, 0.365302354)},
				{Name="Head",CFrame=CFrame.new(0.32335484, 1.37488103, 0.106381848, 0.91568315, -0.0963876098, 0.390172005, 0.0105649419, 0.976252794, 0.216377228, -0.401762486, -0.194010884, 0.894956529)},
				{Name="Left Arm",CFrame=CFrame.new(-1.21289539, 0.851395607, -0.268030584, 0.751658559, -0.29755038, -0.588620007, -0.476091385, -0.862409592, -0.17200847, -0.456450284, 0.409528404, -0.789898872)},
				{Name="Right Leg",CFrame=CFrame.new(0.580988407, -2.01754236, -0.540043116, 0.988690257, 0.146251008, 0.0332037061, -0.143795282, 0.861549497, 0.486883104, 0.0426006168, -0.486151189, 0.872835934)},
			}
		},		{
			Time=1.2929166555404663,
			CFrames={
				{Name="Torso",CFrame=CFrame.new(0.18359375, -0.0654780865, 0.0263175964, 0.958276987, 0.216193393, 0.186991572, -0.181767434, 0.965766668, -0.185082451, -0.220603824, 0.143371224, 0.964768767)},
				{Name="Left Leg",CFrame=CFrame.new(-0.872441292, -1.9878602, -0.0237593427, 0.613119543, 0.124800213, 0.780070543, -0.301177263, 0.949793518, 0.0847654939, -0.73032701, -0.286910832, 0.619923472)},
				{Name="Right Arm",CFrame=CFrame.new(1.31201077, -0.379328609, -0.728792906, 0.760275006, 0.4659563, 0.45262289, 0.0579990298, 0.645296335, -0.761727571, -0.647007704, 0.6053738, 0.463577628)},
				{Name="Head",CFrame=CFrame.new(0.374828994, 1.39177537, 0.081817016, 0.914105475, -0.0500865132, 0.402371943, -0.025953684, 0.983079493, 0.181332916, -0.404645801, -0.176200435, 0.897338033)},
