return {
	Name="CatDance",
	Time=0.7317073170731707,
	Animations={
		{
			Time=0,
			CFrames={
				{Name="Torso",CFrame=CFrame.new(-0.0185146928, -0.520786941, 0, 0.972979248, 0.230892941, 0, -0.230892941, 0.972979248, 0, 0, 0, 1)},
				{Name="Left Leg",CFrame=CFrame.new(-1.01161218, -1.51711011, -0.538999557, 0.980858207, 0.194723904, -3.43922335e-10, -0.194723964, 0.980857968, -1.57930213e-09, 2.98108205e-11, 1.61604141e-09, 1)},
				{Name="Right Leg",CFrame=CFrame.new(0.563005269, -2.06807685, -0.158119217, 0.896305501, -0.117780328, -0.427509397, 0.165250927, 0.983354032, 0.0755435526, 0.411495566, -0.138356417, 0.900849044)},
				{Name="Left Arm",CFrame=CFrame.new(-1.40784574, 0.850233853, -0.30796808, -0.785925686, 0.520574331, -0.333651572, -0.611760974, -0.733056426, 0.297281384, -0.0898283944, 0.437756091, 0.894595146)},
				{Name="Head",CFrame=CFrame.new(0.369661361, 0.922447979, 0.0637674257, 0.90027988, 0.314597905, 0.300872773, -0.253086954, 0.940619469, -0.226234615, -0.35417968, 0.127527475, 0.926441312)},
				{Name="Right Arm",CFrame=CFrame.new(1.56252217, 0.0415157676, -0.386641562, -0.151026309, 0.0488653705, 0.987321377, 0.904266536, -0.396676958, 0.15795444, 0.399366081, 0.916656733, 0.015721349)},
			}
		},		{
			Time=0.18199999630451202,
			CFrames={
				{Name="Torso",CFrame=CFrame.new(-0.0185146928, -0.520786941, 0, 0.972979248, 0.230892941, 0, -0.230892941, 0.972979248, 0, 0, 0, 1)},
				{Name="Left Leg",CFrame=CFrame.new(-1.01161218, -1.51711011, -0.538999557, 0.980858207, 0.194723904, -3.43922335e-10, -0.194723964, 0.980857968, -1.57930213e-09, 2.98108205e-11, 1.61604141e-09, 1)},
				{Name="Right Leg",CFrame=CFrame.new(0.563005269, -2.06807685, -0.158119217, 0.896305501, -0.117780328, -0.427509397, 0.165250927, 0.983354032, 0.0755435526, 0.411495566, -0.138356417, 0.900849044)},
				{Name="Left Arm",CFrame=CFrame.new(-1.40784574, 0.850233853, -0.30796808, -0.785925686, 0.520574331, -0.333651572, -0.611760974, -0.733056426, 0.297281384, -0.0898283944, 0.437756091, 0.894595146)},
				{Name="Head",CFrame=CFrame.new(0.369661361, 0.922447979, 0.0637674257, 0.90027988, 0.314597905, 0.300872773, -0.253086954, 0.940619469, -0.226234615, -0.35417968, 0.127527475, 0.926441312)},
				{Name="Right Arm",CFrame=CFrame.new(1.56252217, 0.0415157676, -0.386641562, -0.151026309, 0.0488653705, 0.987321377, 0.904266536, -0.396676958, 0.15795444, 0.399366081, 0.916656733, 0.015721349)},
			}
		},		{
			Time=0.18291667103767395,
			CFrames={
				{Name="Torso",CFrame=CFrame.new(0, 0, 0, 0.99748081, -0.0709384009, 0, 0.070938386, 0.99748069, 0, 0, 0, 1)},
				{Name="Left Leg",CFrame=CFrame.new(-0.596711874, -1.99985492, 1.03621165e-08, 0.997550249, 0.0699540377, -3.01361713e-12, -0.0699540675, 0.997550189, 6.15779872e-09, 4.33768577e-10, -6.14250117e-09, 1)},
				{Name="Right Leg",CFrame=CFrame.new(0.885140359, -2.01554894, -0.241727889, 0.955632329, -0.294562697, -6.34230673e-07, 0.290885121, 0.943701565, -0.157522053, 0.0464007184, 0.150532961, 0.987515509)},
				{Name="Left Arm",CFrame=CFrame.new(-1.86385763, 0.887717485, -0.166102588, -0.465862662, 0.870900512, -0.156538934, -0.881771147, -0.471677423, 6.96629286e-07, -0.0738352686, 0.138031811, 0.987671793)},
				{Name="Head",CFrame=CFrame.new(-0.084936738, 1.49725652, 0, 0.999608159, -0.0279982537, 0, 0.0279982463, 0.99960798, 0, 0, 0, 1)},
				{Name="Right Arm",CFrame=CFrame.new(1.83368409, 1.09558487, -0.158941582, -0.465430468, -0.872207761, 0.150426835, 0.882246673, -0.470787466, -7.74860382e-07, 0.0708197355, 0.132713169, 0.988621175)},
			}
		},		{
			Time=0.36500000953674316,
			CFrames={
				{Name="Torso",CFrame=CFrame.new(0, 0, 0, 0.99748081, -0.0709384009, 0, 0.070938386, 0.99748069, 0, 0, 0, 1)},
				{Name="Left Leg",CFrame=CFrame.new(-0.596711874, -1.99985492, 1.03621165e-08, 0.997550249, 0.0699540377, -3.01361713e-12, -0.0699540675, 0.997550189, 6.15779872e-09, 4.33768577e-10, -6.14250117e-09, 1)},
				{Name="Right Leg",CFrame=CFrame.new(0.885140359, -2.01554894, -0.241727889, 0.955632329, -0.294562697, -6.34230673e-07, 0.290885121, 0.943701565, -0.157522053, 0.0464007184, 0.150532961, 0.987515509)},
				{Name="Left Arm",CFrame=CFrame.new(-1.86385763, 0.887717485, -0.166102588, -0.465862662, 0.870900512, -0.156538934, -0.881771147, -0.471677423, 6.96629286e-07, -0.0738352686, 0.138031811, 0.987671793)},
				{Name="Head",CFrame=CFrame.new(-0.084936738, 1.49725652, 0, 0.999608159, -0.0279982537, 0, 0.0279982463, 0.99960798, 0, 0, 0, 1)},
				{Name="Right Arm",CFrame=CFrame.new(1.83368409, 1.09558487, -0.158941582, -0.465430468, -0.872207761, 0.150426835, 0.882246673, -0.470787466, -7.74860382e-07, 0.0708197355, 0.132713169, 0.988621175)},
			}
		},		{
			Time=0.3659999966621399,
			CFrames={
				{Name="Torso",CFrame=CFrame.new(0.0638110042, -0.566571057, 0, 0.95853126, -0.28498736, 0, 0.28498739, 0.95853132, 0, 0, 0, 1)},
				{Name="Left Leg",CFrame=CFrame.new(-0.466885269, -2.02306461, -0.213999987, 0.992442966, 0.122706026, -1.48212864e-09, -0.122705907, 0.992442787, 1.78200565e-08, 3.65756136e-09, -1.75035257e-08, 1)},
				{Name="Right Leg",CFrame=CFrame.new(1.23676348, -1.42011619, -0.463229477, 0.932738721, -0.358940005, 0.0340670906, 0.359763354, 0.920281172, -0.15379408, 0.0238515474, 0.155705824, 0.987515509)},
				{Name="Left Arm",CFrame=CFrame.new(-1.50891876, -0.0935764611, -0.448235571, -0.298283935, 0.108440191, -0.948297143, -0.905127287, -0.347467452, 0.244970813, -0.302937806, 0.931400537, 0.201796204)},
				{Name="Head",CFrame=CFrame.new(-0.3641451, 0.868635714, 0.0475124046, 0.913087368, -0.285943449, -0.290702343, 0.241038874, 0.953522623, -0.180817336, 0.328894764, 0.0950314477, 0.93957293)},
				{Name="Right Arm",CFrame=CFrame.new(1.59033346, 0.887789428, -0.275765002, -0.645220935, -0.720101655, 0.255232453, 0.760706484, -0.636499703, 0.127253786, 0.0708197355, 0.276263803, 0.958469033)},
			}
		},		{
			Time=0.5479999780654907,
			CFrames={
				{Name="Torso",CFrame=CFrame.new(0.0638110042, -0.566571057, 0, 0.95853126, -0.28498736, 0, 0.28498739, 0.95853132, 0, 0, 0, 1)},
				{Name="Left Leg",CFrame=CFrame.new(-0.466885269, -2.02306461, -0.213999987, 0.992442966, 0.122706026, -1.48212864e-09, -0.122705907, 0.992442787, 1.78200565e-08, 3.65756136e-09, -1.75035257e-08, 1)},
				{Name="Right Leg",CFrame=CFrame.new(1.23676348, -1.42011619, -0.463229477, 0.932738721, -0.358940005, 0.0340670906, 0.359763354, 0.920281172, -0.15379408, 0.0238515474, 0.155705824, 0.987515509)},
				{Name="Left Arm",CFrame=CFrame.new(-1.50891876, -0.0935764611, -0.448235571, -0.298283935, 0.108440191, -0.948297143, -0.905127287, -0.347467452, 0.244970813, -0.302937806, 0.931400537, 0.201796204)},
				{Name="Head",CFrame=CFrame.new(-0.3641451, 0.868635714, 0.0475124046, 0.913087368, -0.285943449, -0.290702343, 0.241038874, 0.953522623, -0.180817336, 0.328894764, 0.0950314477, 0.93957293)},
				{Name="Right Arm",CFrame=CFrame.new(1.59033346, 0.887789428, -0.275765002, -0.645220935, -0.720101655, 0.255232453, 0.760706484, -0.636499703, 0.127253786, 0.0708197355, 0.276263803, 0.958469033)},
			}
		},		{
			Time=0.5487499833106995,
			CFrames={
				{Name="Torso",CFrame=CFrame.new(0, 0, 0, 0.99748081, -0.0709384009, 0, 0.070938386, 0.99748069, 0, 0, 0, 1)},
				{Name="Left Leg",CFrame=CFrame.new(-0.596711874, -1.99985492, 1.03621165e-08, 0.997550249, 0.0699540377, -3.01361713e-12, -0.0699540675, 0.997550189, 6.15779872e-09, 4.33768577e-10, -6.14250117e-09, 1)},
				{Name="Right Leg",CFrame=CFrame.new(0.885140359, -2.01554894, -0.241727889, 0.955632329, -0.294562697, -6.34230673e-07, 0.290885121, 0.943701565, -0.157522053, 0.0464007184, 0.150532961, 0.987515509)},
				{Name="Left Arm",CFrame=CFrame.new(-1.86385763, 0.887717485, -0.166102588, -0.465862662, 0.870900512, -0.156538934, -0.881771147, -0.471677423, 6.96629286e-07, -0.0738352686, 0.138031811, 0.987671793)},
				{Name="Head",CFrame=CFrame.new(-0.084936738, 1.49725652, 0, 0.999608159, -0.0279982537, 0, 0.0279982463, 0.99960798, 0, 0, 0, 1)},
				{Name="Right Arm",CFrame=CFrame.new(1.83368409, 1.09558487, -0.158941582, -0.465430468, -0.872207761, 0.150426835, 0.882246673, -0.470787466, -7.74860382e-07, 0.0708197355, 0.132713169, 0.988621175)},
			}
		},		{
			Time=0.7316666841506958,
			CFrames={
				{Name="Torso",CFrame=CFrame.new(0, 0, 0, 0.99748081, -0.0709384009, 0, 0.070938386, 0.99748069, 0, 0, 0, 1)},
				{Name="Left Leg",CFrame=CFrame.new(-0.596711874, -1.99985492, 1.03621165e-08, 0.997550249, 0.0699540377, -3.01361713e-12, -0.0699540675, 0.997550189, 6.15779872e-09, 4.33768577e-10, -6.14250117e-09, 1)},
				{Name="Right Leg",CFrame=CFrame.new(0.885140359, -2.01554894, -0.241727889, 0.955632329, -0.294562697, -6.34230673e-07, 0.290885121, 0.943701565, -0.157522053, 0.0464007184, 0.150532961, 0.987515509)},
				{Name="Left Arm",CFrame=CFrame.new(-1.86385763, 0.887717485, -0.166102588, -0.465862662, 0.870900512, -0.156538934, -0.881771147, -0.471677423, 6.96629286e-07, -0.0738352686, 0.138031811, 0.987671793)},
				{Name="Head",CFrame=CFrame.new(-0.084936738, 1.49725652, 0, 0.999608159, -0.0279982537, 0, 0.0279982463, 0.99960798, 0, 0, 0, 1)},
				{Name="Right Arm",CFrame=CFrame.new(1.83368409, 1.09558487, -0.158941582, -0.465430468, -0.872207761, 0.150426835, 0.882246673, -0.470787466, -7.74860382e-07, 0.0708197355, 0.132713169, 0.988621175)},
			}
		}
	}
}
